model_name,metrics_path,output_dir,dataset_dir,created_at,row_count,train_rows,test_rows,epochs,batch_size,hidden,purpose,input_policy,test_accuracy,test_precision,test_recall,test_f1,top1_hit_rate,top3_hit_rate,top1_safe_rate,top3_safe_rate,top1_success_rate,top3_success_rate
candidate_pose_rank_net,D:\MoonStack\experiments\moon_rock_stack\batch_runs\20260618_modular_small_networks_v0\candidate_pose_rank_net_metrics.json,D:\MoonStack\experiments\moon_rock_stack\batch_runs\20260618_modular_small_networks_v0,,,18,14,4,80,,32,,,,,,,,,,,,
candidate_pose_rank_net,D:\MoonStack\experiments\moon_rock_stack\batch_runs\20260618_modular_small_networks_v0b\candidate_pose_rank_net_metrics.json,D:\MoonStack\experiments\moon_rock_stack\batch_runs\20260618_modular_small_networks_v0b,,,18,14,4,80,,32,,,,,,,,,,,,
candidate_pose_rank_net,D:\MoonStack\experiments\moon_rock_stack\batch_runs\20260618_modular_small_networks_v1_candidate_pose\candidate_pose_rank_net_metrics.json,D:\MoonStack\experiments\moon_rock_stack\batch_runs\20260618_modular_small_networks_v1_candidate_pose,,,306,245,61,80,,32,,,,,,,,,,,,
candidate_pose_rank_net,D:\MoonStack\experiments\moon_rock_stack\batch_runs\20260618_modular_small_networks_v2_high_and_ranker\candidate_pose_rank_net_metrics.json,D:\MoonStack\experiments\moon_rock_stack\batch_runs\20260618_modular_small_networks_v2_high_and_ranker,,,1193,954,239,80,,32,,,,,,,,,,,,
candidate_pose_rank_net,D:\MoonStack\experiments\moon_rock_stack\batch_runs\20260619_modular_networks_wall_design_v1\candidate_pose_rank_net_metrics.json,D:\MoonStack\experiments\moon_rock_stack\batch_runs\20260619_modular_networks_wall_design_v1,,,10986,8789,2197,140,,64,,,,,,,,,,,,
candidate_pose_rank_net,D:\MoonStack\experiments\moon_rock_stack\batch_runs\20260619_modular_networks_wall_design_v2\candidate_pose_rank_net_metrics.json,D:\MoonStack\experiments\moon_rock_stack\batch_runs\20260619_modular_networks_wall_design_v2,,,13098,10478,2620,140,,64,,,,,,,,,,,,
candidate_pose_rank_net,D:\MoonStack\experiments\moon_rock_stack\batch_runs\20260620_modular_stonefit_lowwall_presim_geometry_balanced_v1\candidate_pose_rank_net_metrics.json,D:\MoonStack\experiments\moon_rock_stack\batch_runs\20260620_modular_stonefit_lowwall_presim_geometry_balanced_v1,,,28458,22766,5692,180,,48,,,,,,,,,,,,
candidate_pose_rank_net,D:\MoonStack\experiments\moon_rock_stack\batch_runs\20260620_modular_stonefit_lowwall_presim_geometry_v1\candidate_pose_rank_net_metrics.json,D:\MoonStack\experiments\moon_rock_stack\batch_runs\20260620_modular_stonefit_lowwall_presim_geometry_v1,,,28458,22766,5692,140,,48,,,,,,,,,,,,
moon_drift_risk_net,D:\MoonStack\experiments\moon_rock_stack\batch_runs\20260618_modular_small_networks_v0\moon_drift_risk_net_metrics.json,D:\MoonStack\experiments\moon_rock_stack\batch_runs\20260618_modular_small_networks_v0,,,7861,6289,1572,80,,32,,,,,,,,,,,,
moon_drift_risk_net,D:\MoonStack\experiments\moon_rock_stack\batch_runs\20260618_modular_small_networks_v0b\moon_drift_risk_net_metrics.json,D:\MoonStack\experiments\moon_rock_stack\batch_runs\20260618_modular_small_networks_v0b,,,7861,6289,1572,80,,32,,,,,,,,,,,,
moon_drift_risk_net,D:\MoonStack\experiments\moon_rock_stack\batch_runs\20260618_modular_small_networks_v1_candidate_pose\moon_drift_risk_net_metrics.json,D:\MoonStack\experiments\moon_rock_stack\batch_runs\20260618_modular_small_networks_v1_candidate_pose,,,7909,6327,1582,80,,32,,,,,,,,,,,,
moon_drift_risk_net,D:\MoonStack\experiments\moon_rock_stack\batch_runs\20260618_modular_small_networks_v2_high_and_ranker\moon_drift_risk_net_metrics.json,D:\MoonStack\experiments\moon_rock_stack\batch_runs\20260618_modular_small_networks_v2_high_and_ranker,,,8080,6464,1616,80,,32,,,,,,,,,,,,
moon_drift_risk_net,D:\MoonStack\experiments\moon_rock_stack\batch_runs\20260619_modular_networks_wall_design_v1\moon_drift_risk_net_metrics.json,D:\MoonStack\experiments\moon_rock_stack\batch_runs\20260619_modular_networks_wall_design_v1,,,8665,6932,1733,140,,64,,,,,,,,,,,,
moon_drift_risk_net,D:\MoonStack\experiments\moon_rock_stack\batch_runs\20260619_modular_networks_wall_design_v2\moon_drift_risk_net_metrics.json,D:\MoonStack\experiments\moon_rock_stack\batch_runs\20260619_modular_networks_wall_design_v2,,,8687,6950,1737,140,,64,,,,,,,,,,,,
moon_drift_risk_net,D:\MoonStack\experiments\moon_rock_stack\batch_runs\20260620_modular_stonefit_lowwall_presim_geometry_balanced_v1\moon_drift_risk_net_metrics.json,D:\MoonStack\experiments\moon_rock_stack\batch_runs\20260620_modular_stonefit_lowwall_presim_geometry_balanced_v1,,,645,516,129,180,,48,,,,,,,,,,,,
moon_drift_risk_net,D:\MoonStack\experiments\moon_rock_stack\batch_runs\20260620_modular_stonefit_lowwall_presim_geometry_v1\moon_drift_risk_net_metrics.json,D:\MoonStack\experiments\moon_rock_stack\batch_runs\20260620_modular_stonefit_lowwall_presim_geometry_v1,,,645,516,129,140,,48,,,,,,,,,,,,
pose_accept_net,D:\MoonStack\experiments\moon_rock_stack\batch_runs\20260618_modular_small_networks_v0\pose_accept_net_metrics.json,D:\MoonStack\experiments\moon_rock_stack\batch_runs\20260618_modular_small_networks_v0,,,7861,6289,1572,80,,32,,,,,,,,,,,,
pose_accept_net,D:\MoonStack\experiments\moon_rock_stack\batch_runs\20260618_modular_small_networks_v0b\pose_accept_net_metrics.json,D:\MoonStack\experiments\moon_rock_stack\batch_runs\20260618_modular_small_networks_v0b,,,7861,6289,1572,80,,32,,,,,,,,,,,,
pose_accept_net,D:\MoonStack\experiments\moon_rock_stack\batch_runs\20260618_modular_small_networks_v1_candidate_pose\pose_accept_net_metrics.json,D:\MoonStack\experiments\moon_rock_stack\batch_runs\20260618_modular_small_networks_v1_candidate_pose,,,7909,6327,1582,80,,32,,,,,,,,,,,,
pose_accept_net,D:\MoonStack\experiments\moon_rock_stack\batch_runs\20260618_modular_small_networks_v2_high_and_ranker\pose_accept_net_metrics.json,D:\MoonStack\experiments\moon_rock_stack\batch_runs\20260618_modular_small_networks_v2_high_and_ranker,,,8080,6464,1616,80,,32,,,,,,,,,,,,
pose_accept_net,D:\MoonStack\experiments\moon_rock_stack\batch_runs\20260619_modular_networks_wall_design_v1\pose_accept_net_metrics.json,D:\MoonStack\experiments\moon_rock_stack\batch_runs\20260619_modular_networks_wall_design_v1,,,8665,6932,1733,140,,64,,,,,,,,,,,,
pose_accept_net,D:\MoonStack\experiments\moon_rock_stack\batch_runs\20260619_modular_networks_wall_design_v2\pose_accept_net_metrics.json,D:\MoonStack\experiments\moon_rock_stack\batch_runs\20260619_modular_networks_wall_design_v2,,,8687,6950,1737,140,,64,,,,,,,,,,,,
pose_accept_net,D:\MoonStack\experiments\moon_rock_stack\batch_runs\20260620_modular_stonefit_lowwall_presim_geometry_balanced_v1\pose_accept_net_metrics.json,D:\MoonStack\experiments\moon_rock_stack\batch_runs\20260620_modular_stonefit_lowwall_presim_geometry_balanced_v1,,,645,516,129,180,,48,,,,,,,,,,,,
pose_accept_net,D:\MoonStack\experiments\moon_rock_stack\batch_runs\20260620_modular_stonefit_lowwall_presim_geometry_v1\pose_accept_net_metrics.json,D:\MoonStack\experiments\moon_rock_stack\batch_runs\20260620_modular_stonefit_lowwall_presim_geometry_v1,,,645,516,129,140,,48,,,,,,,,,,,,
stone_fit_net,D:\MoonStack\experiments\moon_rock_stack\batch_runs\20260618_modular_small_networks_v0\stone_fit_net_metrics.json,D:\MoonStack\experiments\moon_rock_stack\batch_runs\20260618_modular_small_networks_v0,,,7861,6289,1572,80,,32,,,,,,,,,,,,
stone_fit_net,D:\MoonStack\experiments\moon_rock_stack\batch_runs\20260618_modular_small_networks_v0b\stone_fit_net_metrics.json,D:\MoonStack\experiments\moon_rock_stack\batch_runs\20260618_modular_small_networks_v0b,,,7861,6289,1572,80,,32,,,,,,,,,,,,
stone_fit_net,D:\MoonStack\experiments\moon_rock_stack\batch_runs\20260618_modular_small_networks_v1_candidate_pose\stone_fit_net_metrics.json,D:\MoonStack\experiments\moon_rock_stack\batch_runs\20260618_modular_small_networks_v1_candidate_pose,,,7909,6327,1582,80,,32,,,,,,,,,,,,
stone_fit_net,D:\MoonStack\experiments\moon_rock_stack\batch_runs\20260618_modular_small_networks_v2_high_and_ranker\stone_fit_net_metrics.json,D:\MoonStack\experiments\moon_rock_stack\batch_runs\20260618_modular_small_networks_v2_high_and_ranker,,,8080,6464,1616,80,,32,,,,,,,,,,,,
stone_fit_net,D:\MoonStack\experiments\moon_rock_stack\batch_runs\20260619_modular_networks_wall_design_v1\stone_fit_net_metrics.json,D:\MoonStack\experiments\moon_rock_stack\batch_runs\20260619_modular_networks_wall_design_v1,,,8665,6932,1733,140,,64,,,,,,,,,,,,
stone_fit_net,D:\MoonStack\experiments\moon_rock_stack\batch_runs\20260619_modular_networks_wall_design_v2\stone_fit_net_metrics.json,D:\MoonStack\experiments\moon_rock_stack\batch_runs\20260619_modular_networks_wall_design_v2,,,8687,6950,1737,140,,64,,,,,,,,,,,,
stone_fit_net,D:\MoonStack\experiments\moon_rock_stack\batch_runs\20260620_modular_stonefit_lowwall_presim_geometry_balanced_v1\stone_fit_net_metrics.json,D:\MoonStack\experiments\moon_rock_stack\batch_runs\20260620_modular_stonefit_lowwall_presim_geometry_balanced_v1,,,645,516,129,180,,48,,,,,,,,,,,,
stone_fit_net,D:\MoonStack\experiments\moon_rock_stack\batch_runs\20260620_modular_stonefit_lowwall_presim_geometry_v1\stone_fit_net_metrics.json,D:\MoonStack\experiments\moon_rock_stack\batch_runs\20260620_modular_stonefit_lowwall_presim_geometry_v1,,,645,516,129,140,,48,,,,,,,,,,,,
world_delta_net,D:\MoonStack\experiments\moon_rock_stack\batch_runs\20260618_modular_small_networks_v0\world_delta_net_metrics.json,D:\MoonStack\experiments\moon_rock_stack\batch_runs\20260618_modular_small_networks_v0,,,1348,1078,270,80,,32,,,,,,,,,,,,
world_delta_net,D:\MoonStack\experiments\moon_rock_stack\batch_runs\20260618_modular_small_networks_v0b\world_delta_net_metrics.json,D:\MoonStack\experiments\moon_rock_stack\batch_runs\20260618_modular_small_networks_v0b,,,1348,1078,270,80,,32,,,,,,,,,,,,
world_delta_net,D:\MoonStack\experiments\moon_rock_stack\batch_runs\20260618_modular_small_networks_v1_candidate_pose\world_delta_net_metrics.json,D:\MoonStack\experiments\moon_rock_stack\batch_runs\20260618_modular_small_networks_v1_candidate_pose,,,1396,1117,279,80,,32,,,,,,,,,,,,
world_delta_net,D:\MoonStack\experiments\moon_rock_stack\batch_runs\20260618_modular_small_networks_v2_high_and_ranker\world_delta_net_metrics.json,D:\MoonStack\experiments\moon_rock_stack\batch_runs\20260618_modular_small_networks_v2_high_and_ranker,,,1567,1254,313,80,,32,,,,,,,,,,,,
world_delta_net,D:\MoonStack\experiments\moon_rock_stack\batch_runs\20260619_modular_networks_wall_design_v1\world_delta_net_metrics.json,D:\MoonStack\experiments\moon_rock_stack\batch_runs\20260619_modular_networks_wall_design_v1,,,2152,1722,430,140,,64,,,,,,,,,,,,
world_delta_net,D:\MoonStack\experiments\moon_rock_stack\batch_runs\20260619_modular_networks_wall_design_v2\world_delta_net_metrics.json,D:\MoonStack\experiments\moon_rock_stack\batch_runs\20260619_modular_networks_wall_design_v2,,,2174,1739,435,140,,64,,,,,,,,,,,,
world_delta_net,D:\MoonStack\experiments\moon_rock_stack\batch_runs\20260620_modular_stonefit_lowwall_presim_geometry_balanced_v1\world_delta_net_metrics.json,D:\MoonStack\experiments\moon_rock_stack\batch_runs\20260620_modular_stonefit_lowwall_presim_geometry_balanced_v1,,,645,516,129,180,,48,,,,,,,,,,,,
world_delta_net,D:\MoonStack\experiments\moon_rock_stack\batch_runs\20260620_modular_stonefit_lowwall_presim_geometry_v1\world_delta_net_metrics.json,D:\MoonStack\experiments\moon_rock_stack\batch_runs\20260620_modular_stonefit_lowwall_presim_geometry_v1,,,645,516,129,140,,48,,,,,,,,,,,,
20260618_modular_small_networks_v0,D:\MoonStack\experiments\moon_rock_stack\batch_runs\20260618_modular_small_networks_v0\metrics.json,D:\MoonStack\experiments\moon_rock_stack\batch_runs\20260618_modular_small_networks_v0,D:\MoonStack\experiments\moon_rock_stack\batch_runs\20260618_learning_dataset_v1_modular,2026-06-18T18:21:30,,,,,,,,,,,,,,,,,,
20260618_modular_small_networks_v0b,D:\MoonStack\experiments\moon_rock_stack\batch_runs\20260618_modular_small_networks_v0b\metrics.json,D:\MoonStack\experiments\moon_rock_stack\batch_runs\20260618_modular_small_networks_v0b,D:\MoonStack\experiments\moon_rock_stack\batch_runs\20260618_learning_dataset_v1_modular,2026-06-18T18:22:43,,,,,,,,,,,,,,,,,,
20260618_modular_small_networks_v1_candidate_pose,D:\MoonStack\experiments\moon_rock_stack\batch_runs\20260618_modular_small_networks_v1_candidate_pose\metrics.json,D:\MoonStack\experiments\moon_rock_stack\batch_runs\20260618_modular_small_networks_v1_candidate_pose,D:\MoonStack\experiments\moon_rock_stack\batch_runs\20260618_learning_dataset_v2_modular_candidate_pose,2026-06-18T18:28:39,,,,,,,,,,,,,,,,,,
20260618_modular_small_networks_v2_high_and_ranker,D:\MoonStack\experiments\moon_rock_stack\batch_runs\20260618_modular_small_networks_v2_high_and_ranker\metrics.json,D:\MoonStack\experiments\moon_rock_stack\batch_runs\20260618_modular_small_networks_v2_high_and_ranker,D:\MoonStack\experiments\moon_rock_stack\batch_runs\20260618_learning_dataset_v3_high_and_ranker,2026-06-18T18:47:16,,,,,,,,,,,,,,,,,,
20260619_modular_networks_wall_design_v1,D:\MoonStack\experiments\moon_rock_stack\batch_runs\20260619_modular_networks_wall_design_v1\metrics.json,D:\MoonStack\experiments\moon_rock_stack\batch_runs\20260619_modular_networks_wall_design_v1,D:\MoonStack\experiments\moon_rock_stack\batch_runs\20260619_learning_dataset_wall_network_design_v1,2026-06-19T09:40:17,,,,,,,,,,,,,,,,,,
20260619_modular_networks_wall_design_v2,D:\MoonStack\experiments\moon_rock_stack\batch_runs\20260619_modular_networks_wall_design_v2\metrics.json,D:\MoonStack\experiments\moon_rock_stack\batch_runs\20260619_modular_networks_wall_design_v2,D:\MoonStack\experiments\moon_rock_stack\batch_runs\20260619_learning_dataset_wall_network_design_v2,2026-06-19T10:01:23,,,,,,,,,,,,,,,,,,
20260619_candidate_pose_group_ranker_v1,D:\MoonStack\experiments\moon_rock_stack\batch_runs\20260619_candidate_pose_group_ranker_v1\metrics.json,D:\MoonStack\experiments\moon_rock_stack\batch_runs\20260619_candidate_pose_group_ranker_v1,D:\MoonStack\experiments\moon_rock_stack\batch_runs\20260619_learning_dataset_wall_network_design_v2,2026-06-19T10:05:24,13098,,,180,,64,,,,,,,,,,,,
candidate_pose_group_ranker,D:\MoonStack\experiments\moon_rock_stack\batch_runs\20260619_candidate_pose_group_ranker_v1\candidate_pose_group_ranker_metrics.json,D:\MoonStack\experiments\moon_rock_stack\batch_runs\20260619_candidate_pose_group_ranker_v1,D:\MoonStack\experiments\moon_rock_stack\batch_runs\20260619_learning_dataset_wall_network_design_v2,2026-06-19T10:05:24,13098,,,180,,64,,,,,,,,,,,,
20260619_candidate_pose_group_ranker_v1_regularized,D:\MoonStack\experiments\moon_rock_stack\batch_runs\20260619_candidate_pose_group_ranker_v1_regularized\metrics.json,D:\MoonStack\experiments\moon_rock_stack\batch_runs\20260619_candidate_pose_group_ranker_v1_regularized,D:\MoonStack\experiments\moon_rock_stack\batch_runs\20260619_learning_dataset_wall_network_design_v2,2026-06-19T10:06:36,13098,,,120,,24,,,,,,,,,,,,
candidate_pose_group_ranker,D:\MoonStack\experiments\moon_rock_stack\batch_runs\20260619_candidate_pose_group_ranker_v1_regularized\candidate_pose_group_ranker_metrics.json,D:\MoonStack\experiments\moon_rock_stack\batch_runs\20260619_candidate_pose_group_ranker_v1_regularized,D:\MoonStack\experiments\moon_rock_stack\batch_runs\20260619_learning_dataset_wall_network_design_v2,2026-06-19T10:06:36,13098,,,120,,24,,,,,,,,,,,,
20260619_support_map_group_ranker_wall_v1,D:\MoonStack\experiments\moon_rock_stack\batch_runs\20260619_support_map_group_ranker_wall_v1\metrics.json,D:\MoonStack\experiments\moon_rock_stack\batch_runs\20260619_support_map_group_ranker_wall_v1,,2026-06-19T10:30:00,11418,,,120,,64,,,,,,,,,,,,
support_map_group_ranker,D:\MoonStack\experiments\moon_rock_stack\batch_runs\20260619_support_map_group_ranker_wall_v1\support_map_group_ranker_metrics.json,D:\MoonStack\experiments\moon_rock_stack\batch_runs\20260619_support_map_group_ranker_wall_v1,,2026-06-19T10:30:00,11418,,,120,,64,,,,,,,,,,,,
20260619_torch_support_map_cnn_ranker_wall_v2,D:\MoonStack\experiments\moon_rock_stack\batch_runs\20260619_torch_support_map_cnn_ranker_wall_v2\metrics.json,D:\MoonStack\experiments\moon_rock_stack\batch_runs\20260619_torch_support_map_cnn_ranker_wall_v2,,2026-06-19T10:39:38,11418,,,40,64,128,,,,,,,,,,,,
20260619_torch_pointnet_rock_encoder_v2,D:\MoonStack\experiments\moon_rock_stack\batch_runs\20260619_torch_pointnet_rock_encoder_v2\metrics.json,D:\MoonStack\experiments\moon_rock_stack\batch_runs\20260619_torch_pointnet_rock_encoder_v2,,2026-06-19T10:45:03,,,,50,192,,,,,,,,,,,,,
20260619_torch_pointnet_rock_encoder_family_v1,D:\MoonStack\experiments\moon_rock_stack\batch_runs\20260619_torch_pointnet_rock_encoder_family_v1\metrics.json,D:\MoonStack\experiments\moon_rock_stack\batch_runs\20260619_torch_pointnet_rock_encoder_family_v1,,2026-06-19T10:48:40,,,,60,192,,,,,,,,,,,,,
20260619_torch_support_map_pointnet_hybrid_ranker_wall_v1,D:\MoonStack\experiments\moon_rock_stack\batch_runs\20260619_torch_support_map_pointnet_hybrid_ranker_wall_v1\metrics.json,D:\MoonStack\experiments\moon_rock_stack\batch_runs\20260619_torch_support_map_pointnet_hybrid_ranker_wall_v1,,2026-06-19T10:54:11,11418,,,50,64,160,,,,,,,,,,,,
20260619_torch_support_map_cnn_ranker_wall_presim_v1,D:\MoonStack\experiments\moon_rock_stack\batch_runs\20260619_torch_support_map_cnn_ranker_wall_presim_v1\metrics.json,D:\MoonStack\experiments\moon_rock_stack\batch_runs\20260619_torch_support_map_cnn_ranker_wall_presim_v1,,2026-06-19T11:14:01,11418,,,50,64,128,,,,,,,,,,,,
20260619_torch_support_map_cnn_ranker_multicatalog_presim_splitrun_v1,D:\MoonStack\experiments\moon_rock_stack\batch_runs\20260619_torch_support_map_cnn_ranker_multicatalog_presim_splitrun_v1\metrics.json,D:\MoonStack\experiments\moon_rock_stack\batch_runs\20260619_torch_support_map_cnn_ranker_multicatalog_presim_splitrun_v1,,2026-06-19T13:58:44,12915,,,60,64,128,,,,,,,,,,,,
20260619_torch_support_map_cnn_ranker_multicatalog_presim_newrocks_holdout_v1,D:\MoonStack\experiments\moon_rock_stack\batch_runs\20260619_torch_support_map_cnn_ranker_multicatalog_presim_newrocks_holdout_v1\metrics.json,D:\MoonStack\experiments\moon_rock_stack\batch_runs\20260619_torch_support_map_cnn_ranker_multicatalog_presim_newrocks_holdout_v1,,2026-06-19T14:02:30,12915,,,60,64,128,,,,,,,,,,,,
20260619_torch_support_map_cnn_ranker_multicatalog_presim_holdout93013_v1,D:\MoonStack\experiments\moon_rock_stack\batch_runs\20260619_torch_support_map_cnn_ranker_multicatalog_presim_holdout93013_v1\metrics.json,D:\MoonStack\experiments\moon_rock_stack\batch_runs\20260619_torch_support_map_cnn_ranker_multicatalog_presim_holdout93013_v1,,2026-06-19T14:49:59,15395,,,70,64,128,,,,,,,,,,,,
20260619_torch_support_map_cnn_ranker_highwall_presim_holdout93013_v1,D:\MoonStack\experiments\moon_rock_stack\batch_runs\20260619_torch_support_map_cnn_ranker_highwall_presim_holdout93013_v1\metrics.json,D:\MoonStack\experiments\moon_rock_stack\batch_runs\20260619_torch_support_map_cnn_ranker_highwall_presim_holdout93013_v1,,2026-06-19T14:52:12,6076,,,90,64,160,,,,,,,,,,,,
20260619_torch_support_map_cnn_quality_ranker_multicatalog_presim_holdout93013_v1,D:\MoonStack\experiments\moon_rock_stack\batch_runs\20260619_torch_support_map_cnn_quality_ranker_multicatalog_presim_holdout93013_v1\metrics.json,D:\MoonStack\experiments\moon_rock_stack\batch_runs\20260619_torch_support_map_cnn_quality_ranker_multicatalog_presim_holdout93013_v1,,2026-06-19T15:31:56,15395,,,70,64,128,,,,,,,,,,,,
20260619_torch_support_map_cnn_selected_ranker_dropout30_hidden160_holdout93013_v1,D:\MoonStack\experiments\moon_rock_stack\batch_runs\20260619_torch_support_map_cnn_selected_ranker_dropout30_hidden160_holdout93013_v1\metrics.json,D:\MoonStack\experiments\moon_rock_stack\batch_runs\20260619_torch_support_map_cnn_selected_ranker_dropout30_hidden160_holdout93013_v1,,2026-06-19T16:11:26,15395,,,90,96,160,,,,,,,,,,,,
20260619_torch_support_map_cnn_quality_ranker_temp55_dropout20_holdout93013_v1,D:\MoonStack\experiments\moon_rock_stack\batch_runs\20260619_torch_support_map_cnn_quality_ranker_temp55_dropout20_holdout93013_v1\metrics.json,D:\MoonStack\experiments\moon_rock_stack\batch_runs\20260619_torch_support_map_cnn_quality_ranker_temp55_dropout20_holdout93013_v1,,2026-06-19T16:11:31,15395,,,90,96,160,,,,,,,,,,,,
20260619_torch_support_map_cnn_quality_ranker_temp20_dropout30_holdout93013_v1,D:\MoonStack\experiments\moon_rock_stack\batch_runs\20260619_torch_support_map_cnn_quality_ranker_temp20_dropout30_holdout93013_v1\metrics.json,D:\MoonStack\experiments\moon_rock_stack\batch_runs\20260619_torch_support_map_cnn_quality_ranker_temp20_dropout30_holdout93013_v1,,2026-06-19T16:11:32,15395,,,90,96,160,,,,,,,,,,,,
20260619_torch_support_map_cnn_quality_ranker_expanded_temp20_holdout93015_v1,D:\MoonStack\experiments\moon_rock_stack\batch_runs\20260619_torch_support_map_cnn_quality_ranker_expanded_temp20_holdout93015_v1\metrics.json,D:\MoonStack\experiments\moon_rock_stack\batch_runs\20260619_torch_support_map_cnn_quality_ranker_expanded_temp20_holdout93015_v1,,2026-06-19T16:45:39,20355,,,90,96,160,,,,,,,,,,,,
20260620_torch_support_map_cnn_risk_adjusted_ranker_holdout93015_v1,D:\MoonStack\experiments\moon_rock_stack\batch_runs\20260620_torch_support_map_cnn_risk_adjusted_ranker_holdout93015_v1\metrics.json,D:\MoonStack\experiments\moon_rock_stack\batch_runs\20260620_torch_support_map_cnn_risk_adjusted_ranker_holdout93015_v1,,2026-06-20T08:44:33,20355,,,90,96,160,,,,,,,,,,,,
20260620_torch_support_map_cnn_lowwall_presim_score_v1,D:\MoonStack\experiments\moon_rock_stack\batch_runs\20260620_torch_support_map_cnn_lowwall_presim_score_v1\metrics.json,D:\MoonStack\experiments\moon_rock_stack\batch_runs\20260620_torch_support_map_cnn_lowwall_presim_score_v1,,2026-06-20T15:27:45,20634,,,45,96,96,,,,,,,,,,,,
20260620_torch_support_map_cnn_lowwall_presim_risk_v1,D:\MoonStack\experiments\moon_rock_stack\batch_runs\20260620_torch_support_map_cnn_lowwall_presim_risk_v1\metrics.json,D:\MoonStack\experiments\moon_rock_stack\batch_runs\20260620_torch_support_map_cnn_lowwall_presim_risk_v1,,2026-06-20T15:31:36,20634,,,45,96,96,,,,,,,,,,,,
20260620_modular_stonefit_lowwall_presim_geometry_v1,D:\MoonStack\experiments\moon_rock_stack\batch_runs\20260620_modular_stonefit_lowwall_presim_geometry_v1\metrics.json,D:\MoonStack\experiments\moon_rock_stack\batch_runs\20260620_modular_stonefit_lowwall_presim_geometry_v1,D:\MoonStack\experiments\moon_rock_stack\batch_runs\20260620_learning_dataset_lowwall_presim_geometry_plus_closedloop_v1,2026-06-20T15:50:32,,,,,,,,,,,,,,,,,,
20260620_modular_stonefit_lowwall_presim_geometry_balanced_v1,D:\MoonStack\experiments\moon_rock_stack\batch_runs\20260620_modular_stonefit_lowwall_presim_geometry_balanced_v1\metrics.json,D:\MoonStack\experiments\moon_rock_stack\batch_runs\20260620_modular_stonefit_lowwall_presim_geometry_balanced_v1,D:\MoonStack\experiments\moon_rock_stack\batch_runs\20260620_learning_dataset_lowwall_presim_geometry_plus_closedloop_v1,2026-06-20T15:56:58,,,,,,,,,,,,,,,,,,
20260620_torch_support_map_cnn_4course_curriculum_score_v1,D:\MoonStack\experiments\moon_rock_stack\batch_runs\20260620_torch_support_map_cnn_4course_curriculum_score_v1\metrics.json,D:\MoonStack\experiments\moon_rock_stack\batch_runs\20260620_torch_support_map_cnn_4course_curriculum_score_v1,,2026-06-20T17:42:08,12484,,,60,96,128,,,,,,,,,,,,
20260620_torch_depth_proxy_cnn_4course_curriculum_score_v1,D:\MoonStack\experiments\moon_rock_stack\batch_runs\20260620_torch_depth_proxy_cnn_4course_curriculum_score_v1\metrics.json,D:\MoonStack\experiments\moon_rock_stack\batch_runs\20260620_torch_depth_proxy_cnn_4course_curriculum_score_v1,,2026-06-20T18:13:27,12484,,,60,96,128,,,,,,,,,,,,
20260620_torch_mujoco_depth_cnn_4course_group_smoke_v1,D:\MoonStack\experiments\moon_rock_stack\batch_runs\20260620_torch_mujoco_depth_cnn_4course_group_smoke_v1\metrics.json,D:\MoonStack\experiments\moon_rock_stack\batch_runs\20260620_torch_mujoco_depth_cnn_4course_group_smoke_v1,,2026-06-20T18:52:35,24,,,12,8,96,,,,,,,,,,,,
20260620_torch_mujoco_depth_cnn_4course_groups256_score_v1,D:\MoonStack\experiments\moon_rock_stack\batch_runs\20260620_torch_mujoco_depth_cnn_4course_groups256_score_v1\metrics.json,D:\MoonStack\experiments\moon_rock_stack\batch_runs\20260620_torch_mujoco_depth_cnn_4course_groups256_score_v1,,2026-06-20T19:18:47,809,,,60,64,128,,,,,,,,,,,,
20260620_torch_mujoco_depth_cnn_4course_groups256_risk_v1,D:\MoonStack\experiments\moon_rock_stack\batch_runs\20260620_torch_mujoco_depth_cnn_4course_groups256_risk_v1\metrics.json,D:\MoonStack\experiments\moon_rock_stack\batch_runs\20260620_torch_mujoco_depth_cnn_4course_groups256_risk_v1,,2026-06-20T19:39:43,809,,,60,64,128,,,,,,,,,,,,
20260620_torch_mujoco_depth_cnn_4course_groups256_structure_v1,D:\MoonStack\experiments\moon_rock_stack\batch_runs\20260620_torch_mujoco_depth_cnn_4course_groups256_structure_v1\metrics.json,D:\MoonStack\experiments\moon_rock_stack\batch_runs\20260620_torch_mujoco_depth_cnn_4course_groups256_structure_v1,,2026-06-20T19:59:18,809,,,60,64,128,,,,,,,,,,,,
stone_fit_net,D:\MoonStack\experiments\moon_rock_stack\batch_runs\20260620_torch_stone_slot_net_4course_assignment_v1_20260620_213352\stone_fit_net_metrics.json,D:\MoonStack\experiments\moon_rock_stack\batch_runs\20260620_torch_stone_slot_net_4course_assignment_v1_20260620_213352,D:\MoonStack\experiments\moon_rock_stack\batch_runs\20260620_learning_dataset_4course_curriculum_v1,2026-06-20T21:33:57,552,408,144,220,64,96,StoneSlotNet V1: score whether a stone geometry fits a target wall slot before pose search.,No candidate_rank or primary-assignment fields are used as input.,0.8125,0.3333333333333333,0.5882352941176471,0.425531914893617,0.5294117647058824,0.7647058823529411,,,,
20260620_wall_state_critic_mujoco_depth_4course_groups256_v1,D:\MoonStack\experiments\moon_rock_stack\batch_runs\20260620_wall_state_critic_mujoco_depth_4course_groups256_v1\metrics.json,D:\MoonStack\experiments\moon_rock_stack\batch_runs\20260620_wall_state_critic_mujoco_depth_4course_groups256_v1,,2026-06-20T21:34:28,,,,80,96,128,WallStateCritic V1 predicts post-placement local structure risk from current wall depth and stone geometry.,,,,,,,,,,,
20260620_wall_state_critic_mujoco_depth_4course_wallcritic_v2,D:\MoonStack\experiments\moon_rock_stack\batch_runs\20260620_wall_state_critic_mujoco_depth_4course_wallcritic_v2\metrics.json,D:\MoonStack\experiments\moon_rock_stack\batch_runs\20260620_wall_state_critic_mujoco_depth_4course_wallcritic_v2,,2026-06-20T22:56:09,,,,90,128,160,WallStateCritic V1 predicts post-placement local structure risk from current wall depth and stone geometry.,,,,,,,,,,,
stone_fit_net,D:\MoonStack\experiments\moon_rock_stack\batch_runs\20260620_wall_flywheel_starter_v1_stone_slot_net\stone_fit_net_metrics.json,D:\MoonStack\experiments\moon_rock_stack\batch_runs\20260620_wall_flywheel_starter_v1_stone_slot_net,D:\MoonStack\experiments\moon_rock_stack\batch_runs\20260620_wall_flywheel_starter_v1_learning_dataset,2026-06-21T00:01:06,288,144,144,30,96,112,StoneSlotNet V1: score whether a stone geometry fits a target wall slot before pose search.,No candidate_rank or primary-assignment fields are used as input.,0.7569444444444444,0.275,0.6470588235294118,0.38596491228070173,0.5882352941176471,0.7058823529411765,,,,
20260620_wall_flywheel_starter_v1_pose_ranker_structure,D:\MoonStack\experiments\moon_rock_stack\batch_runs\20260620_wall_flywheel_starter_v1_pose_ranker_structure\metrics.json,D:\MoonStack\experiments\moon_rock_stack\batch_runs\20260620_wall_flywheel_starter_v1_pose_ranker_structure,,2026-06-21T00:01:18,893,,,30,96,160,,,,,,,,,,,,
20260620_wall_flywheel_starter_v1_wall_state_critic,D:\MoonStack\experiments\moon_rock_stack\batch_runs\20260620_wall_flywheel_starter_v1_wall_state_critic\metrics.json,D:\MoonStack\experiments\moon_rock_stack\batch_runs\20260620_wall_flywheel_starter_v1_wall_state_critic,,2026-06-21T00:01:27,,,,35,128,160,WallStateCritic V1 predicts post-placement local structure risk from current wall depth and stone geometry.,,,,,,,,,,,
20260621_wall_flywheel_3course_focus_v1_resume_train_pose_ranker_structure,D:\MoonStack\experiments\moon_rock_stack\batch_runs\20260621_wall_flywheel_3course_focus_v1_resume_train_pose_ranker_structure\metrics.json,D:\MoonStack\experiments\moon_rock_stack\batch_runs\20260621_wall_flywheel_3course_focus_v1_resume_train_pose_ranker_structure,,2026-06-21T01:19:22,2751,,,45,96,160,,,,,,,,,,,,
20260621_wall_flywheel_3course_focus_v1_resume_train_wall_state_critic,D:\MoonStack\experiments\moon_rock_stack\batch_runs\20260621_wall_flywheel_3course_focus_v1_resume_train_wall_state_critic\metrics.json,D:\MoonStack\experiments\moon_rock_stack\batch_runs\20260621_wall_flywheel_3course_focus_v1_resume_train_wall_state_critic,,2026-06-21T01:19:37,,,,50,128,160,WallStateCritic V1 predicts post-placement local structure risk from current wall depth and stone geometry.,,,,,,,,,,,
stone_fit_net,D:\MoonStack\experiments\moon_rock_stack\batch_runs\20260621_wall_flywheel_3course_focus_v2_stone_slot_net_20260621_014556\stone_fit_net_metrics.json,D:\MoonStack\experiments\moon_rock_stack\batch_runs\20260621_wall_flywheel_3course_focus_v2_stone_slot_net_20260621_014556,D:\MoonStack\experiments\moon_rock_stack\batch_runs\20260621_wall_flywheel_3course_focus_v2_learning_dataset,2026-06-21T01:45:59,1620,1320,300,80,128,128,StoneSlotNet V1: score whether a stone geometry fits a target wall slot before pose search.,No candidate_rank or primary-assignment fields are used as input.,0.7166666666666667,0.09411764705882353,0.5,0.15841584158415842,0.1,0.4,,,,
pose_risk_net,D:\MoonStack\experiments\moon_rock_stack\batch_runs\20260621_pose_risk_net_3course_v1\pose_risk_net_metrics.json,D:\MoonStack\experiments\moon_rock_stack\batch_runs\20260621_pose_risk_net_3course_v1,D:\MoonStack\experiments\moon_rock_stack\batch_runs\20260621_wall_flywheel_3course_focus_v2_learning_dataset,2026-06-21T09:51:55,8460,7560,900,90,160,128,PoseRiskNet V1: pre-simulation candidate pose risk penalty for wall stacking.,"Inputs use geometry, target, gravity, and candidate pose only; post-simulation fields are labels only.",0.95,0.986159169550173,0.9628378378378378,0.9743589743589743,,,0.4166666666666667,1.0,,
pose_risk_net,D:\MoonStack\experiments\moon_rock_stack\batch_runs\20260621_pose_risk_net_3course_augmented_v2\pose_risk_net_metrics.json,D:\MoonStack\experiments\moon_rock_stack\batch_runs\20260621_pose_risk_net_3course_augmented_v2,D:\MoonStack\experiments\moon_rock_stack\batch_runs\20260621_wall_flywheel_3course_pose_risk_augmented_learning_dataset,2026-06-21T10:58:30,21960,16110,5850,80,192,128,PoseRiskNet V1: pre-simulation candidate pose risk penalty for wall stacking.,"Inputs use geometry, target, gravity, and candidate pose only; post-simulation fields are labels only.",0.8892307692307693,0.9910133843212237,0.8960926694329184,0.9411657889958235,,,0.3333333333333333,1.0,,
pose_risk_net,D:\MoonStack\experiments\moon_rock_stack\batch_runs\20260621_local_primary_4to5_scheduler_v1_local_pose_risk_net\pose_risk_net_metrics.json,D:\MoonStack\experiments\moon_rock_stack\batch_runs\20260621_local_primary_4to5_scheduler_v1_local_pose_risk_net,D:\MoonStack\experiments\moon_rock_stack\batch_runs\20260621_wall_flywheel_3course_pose_risk_augmented_learning_dataset,2026-06-21T14:49:40,26472,20832,5640,120,512,192,PoseRiskNet V1: pre-simulation candidate pose risk penalty for wall stacking.,"Inputs use geometry, target, gravity, and candidate pose only; post-simulation fields are labels only.",0.9271276595744681,0.9920167268580118,0.933965640658554,0.9621163240851691,,,0.21153846153846154,0.6153846153846154,,
stone_fit_net,D:\MoonStack\experiments\moon_rock_stack\batch_runs\20260621_stone_slot_net_3to4_curriculum_v1\stone_fit_net_metrics.json,D:\MoonStack\experiments\moon_rock_stack\batch_runs\20260621_stone_slot_net_3to4_curriculum_v1,D:\MoonStack\experiments\moon_rock_stack\batch_runs\20260621_3to4course_curriculum_learning_dataset_v1,2026-06-21T15:02:05,5085,3105,1980,140,128,128,StoneSlotNet V1: score whether a stone geometry fits a target wall slot before pose search.,No candidate_rank or primary-assignment fields are used as input.,0.7803030303030303,0.07363420427553444,0.40789473684210525,0.12474849094567404,0.08333333333333333,0.2916666666666667,,,,
pose_risk_net,D:\MoonStack\experiments\moon_rock_stack\batch_runs\20260621_pose_risk_net_3to4_curriculum_v1\pose_risk_net_metrics.json,D:\MoonStack\experiments\moon_rock_stack\batch_runs\20260621_pose_risk_net_3to4_curriculum_v1,D:\MoonStack\experiments\moon_rock_stack\batch_runs\20260621_3to4course_curriculum_learning_dataset_v1,2026-06-21T15:02:06,15255,9045,6210,140,512,192,PoseRiskNet V1: pre-simulation candidate pose risk penalty for wall stacking.,"Inputs use geometry, target, gravity, and candidate pose only; post-simulation fields are labels only.",0.9339774557165862,0.9894089511445165,0.9433224755700326,0.9658162414540603,,,0.35714285714285715,1.0,,
20260621_candidate_pose_group_ranker_3to4_v1,D:\MoonStack\experiments\moon_rock_stack\batch_runs\20260621_candidate_pose_group_ranker_3to4_v1\metrics.json,D:\MoonStack\experiments\moon_rock_stack\batch_runs\20260621_candidate_pose_group_ranker_3to4_v1,D:\MoonStack\experiments\moon_rock_stack\batch_runs\20260621_3to4course_curriculum_learning_dataset_v1,2026-06-21T15:09:39,15255,,,220,,96,,,,,,,,,,,,
candidate_pose_group_ranker,D:\MoonStack\experiments\moon_rock_stack\batch_runs\20260621_candidate_pose_group_ranker_3to4_v1\candidate_pose_group_ranker_metrics.json,D:\MoonStack\experiments\moon_rock_stack\batch_runs\20260621_candidate_pose_group_ranker_3to4_v1,D:\MoonStack\experiments\moon_rock_stack\batch_runs\20260621_3to4course_curriculum_learning_dataset_v1,2026-06-21T15:09:39,15255,,,220,,96,,,,,,,,,,,,
20260621_support_map_cnn_3to4_structure_v1,D:\MoonStack\experiments\moon_rock_stack\batch_runs\20260621_support_map_cnn_3to4_structure_v1\metrics.json,D:\MoonStack\experiments\moon_rock_stack\batch_runs\20260621_support_map_cnn_3to4_structure_v1,,2026-06-21T15:16:26,15255,,,80,128,192,,,,,,,,,,,,
20260621_support_map_cnn_3to4_selected_v1,D:\MoonStack\experiments\moon_rock_stack\batch_runs\20260621_support_map_cnn_3to4_selected_v1\metrics.json,D:\MoonStack\experiments\moon_rock_stack\batch_runs\20260621_support_map_cnn_3to4_selected_v1,,2026-06-21T15:21:32,15255,,,70,128,192,,,,,,,,,,,,
20260621_pointnet_supportmap_3to4_ablation_v1_pointnet_encoder,D:\MoonStack\experiments\moon_rock_stack\batch_runs\20260621_pointnet_supportmap_3to4_ablation_v1_pointnet_encoder\metrics.json,D:\MoonStack\experiments\moon_rock_stack\batch_runs\20260621_pointnet_supportmap_3to4_ablation_v1_pointnet_encoder,,2026-06-21T15:25:18,,,,70,128,,,,,,,,,,,,,
20260621_pointnet_supportmap_3to4_ablation_v1_support_map_pointnet_structure_aware,D:\MoonStack\experiments\moon_rock_stack\batch_runs\20260621_pointnet_supportmap_3to4_ablation_v1_support_map_pointnet_structure_aware\metrics.json,D:\MoonStack\experiments\moon_rock_stack\batch_runs\20260621_pointnet_supportmap_3to4_ablation_v1_support_map_pointnet_structure_aware,,2026-06-21T15:28:52,15255,,,80,128,192,,,,,,,,,,,,
20260621_wall_state_critic_3to4_structure_v1,D:\MoonStack\experiments\moon_rock_stack\batch_runs\20260621_wall_state_critic_3to4_structure_v1\metrics.json,D:\MoonStack\experiments\moon_rock_stack\batch_runs\20260621_wall_state_critic_3to4_structure_v1,,2026-06-21T15:34:56,,,,90,160,192,WallStateCritic V1 predicts post-placement local structure risk from current wall depth and stone geometry.,,,,,,,,,,,
stone_fit_net,D:\MoonStack\experiments\moon_rock_stack\batch_runs\20260621_stone_slot_net_3to4_rolebalanced_v1\stone_fit_net_metrics.json,D:\MoonStack\experiments\moon_rock_stack\batch_runs\20260621_stone_slot_net_3to4_rolebalanced_v1,D:\MoonStack\experiments\moon_rock_stack\batch_runs\20260621_3to4course_curriculum_learning_dataset_v1,2026-06-21T15:38:59,5085,3510,1575,180,128,160,StoneSlotNet V1: score whether a stone geometry fits a target wall slot before pose search.,No candidate_rank or primary-assignment fields are used as input.,0.7917460317460318,0.09407665505226481,0.28421052631578947,0.14136125654450263,0.1,0.3,,,,
20260621_support_map_cnn_3to4_roleweighted_structure_v1,D:\MoonStack\experiments\moon_rock_stack\batch_runs\20260621_support_map_cnn_3to4_roleweighted_structure_v1\metrics.json,D:\MoonStack\experiments\moon_rock_stack\batch_runs\20260621_support_map_cnn_3to4_roleweighted_structure_v1,,2026-06-21T15:49:28,15255,,,90,128,192,,,,,,,,,,,,
20260621_pointnet_role_affordance_3to4_v1,D:\MoonStack\experiments\moon_rock_stack\batch_runs\20260621_pointnet_role_affordance_3to4_v1\metrics.json,D:\MoonStack\experiments\moon_rock_stack\batch_runs\20260621_pointnet_role_affordance_3to4_v1,,2026-06-21T15:53:07,,,,100,96,128,Predict base/middle/cap role affordance from rock point-cloud geometry only.,,,,,,,,,,,
20260621_support_map_cnn_3to4_roleweighted_structure_sameholdout_v1,D:\MoonStack\experiments\moon_rock_stack\batch_runs\20260621_support_map_cnn_3to4_roleweighted_structure_sameholdout_v1\metrics.json,D:\MoonStack\experiments\moon_rock_stack\batch_runs\20260621_support_map_cnn_3to4_roleweighted_structure_sameholdout_v1,,2026-06-21T15:57:23,15255,,,90,128,192,,,,,,,,,,,,
pose_risk_net,D:\MoonStack\experiments\moon_rock_stack\batch_runs\20260621_pose_risk_net_4to5_flywheel_dataset_v1\pose_risk_net_metrics.json,D:\MoonStack\experiments\moon_rock_stack\batch_runs\20260621_pose_risk_net_4to5_flywheel_dataset_v1,D:\MoonStack\experiments\moon_rock_stack\batch_runs\20260621_local_primary_4to5_scheduler_v1_local_4to5_flywheel_learning_dataset,2026-06-21T16:14:08,20274,18687,1587,150,512,224,PoseRiskNet V1: pre-simulation candidate pose risk penalty for wall stacking.,"Inputs use geometry, target, gravity, and candidate pose only; post-simulation fields are labels only.",0.9357277882797732,0.9827700463883366,0.9512508017960231,0.9667535853976532,,,0.39285714285714285,1.0,,
20260621_support_map_cnn_4to5_flywheel_structure_v1,D:\MoonStack\experiments\moon_rock_stack\batch_runs\20260621_support_map_cnn_4to5_flywheel_structure_v1\metrics.json,D:\MoonStack\experiments\moon_rock_stack\batch_runs\20260621_support_map_cnn_4to5_flywheel_structure_v1,,2026-06-21T16:23:45,19467,,,90,128,224,,,,,,,,,,,,
20260621_support_map_cnn_4to5_holdout_newcollect_v1,D:\MoonStack\experiments\moon_rock_stack\batch_runs\20260621_support_map_cnn_4to5_holdout_newcollect_v1\metrics.json,D:\MoonStack\experiments\moon_rock_stack\batch_runs\20260621_support_map_cnn_4to5_holdout_newcollect_v1,,2026-06-21T16:29:47,19467,,,90,128,224,,,,,,,,,,,,
stone_fit_net,D:\MoonStack\experiments\moon_rock_stack\batch_runs\20260621_local_primary_4to5_scheduler_v1_local_4to5_flywheel_stone_slot_net\stone_fit_net_metrics.json,D:\MoonStack\experiments\moon_rock_stack\batch_runs\20260621_local_primary_4to5_scheduler_v1_local_4to5_flywheel_stone_slot_net,D:\MoonStack\experiments\moon_rock_stack\batch_runs\20260621_local_primary_4to5_scheduler_v1_local_4to5_flywheel_learning_dataset,2026-06-21T16:37:19,6777,5865,912,80,128,128,StoneSlotNet V1: score whether a stone geometry fits a target wall slot before pose search.,No candidate_rank or primary-assignment fields are used as input.,0.6425438596491229,0.10185185185185185,0.4852941176470588,0.1683673469387755,0.28205128205128205,0.38461538461538464,,,,
20260621_local_primary_4to5_scheduler_v1_local_4to5_flywheel_pose_ranker_structure,D:\MoonStack\experiments\moon_rock_stack\batch_runs\20260621_local_primary_4to5_scheduler_v1_local_4to5_flywheel_pose_ranker_structure\metrics.json,D:\MoonStack\experiments\moon_rock_stack\batch_runs\20260621_local_primary_4to5_scheduler_v1_local_4to5_flywheel_pose_ranker_structure,,2026-06-21T16:37:42,1536,,,60,128,192,,,,,,,,,,,,
20260621_local_primary_4to5_scheduler_v1_local_4to5_flywheel_wall_state_critic,D:\MoonStack\experiments\moon_rock_stack\batch_runs\20260621_local_primary_4to5_scheduler_v1_local_4to5_flywheel_wall_state_critic\metrics.json,D:\MoonStack\experiments\moon_rock_stack\batch_runs\20260621_local_primary_4to5_scheduler_v1_local_4to5_flywheel_wall_state_critic,,2026-06-21T16:37:56,,,,60,160,192,WallStateCritic V1 predicts post-placement local structure risk from current wall depth and stone geometry.,,,,,,,,,,,
20260621_support_map_cnn_4to5_roleweighted_holdout_newcollect_v1,D:\MoonStack\experiments\moon_rock_stack\batch_runs\20260621_support_map_cnn_4to5_roleweighted_holdout_newcollect_v1\metrics.json,D:\MoonStack\experiments\moon_rock_stack\batch_runs\20260621_support_map_cnn_4to5_roleweighted_holdout_newcollect_v1,,2026-06-21T16:47:52,19467,,,100,128,224,,,,,,,,,,,,
20260621_support_map_cnn_4to5_regularized_holdout_v1,D:\MoonStack\experiments\moon_rock_stack\batch_runs\20260621_support_map_cnn_4to5_regularized_holdout_v1\metrics.json,D:\MoonStack\experiments\moon_rock_stack\batch_runs\20260621_support_map_cnn_4to5_regularized_holdout_v1,,2026-06-21T16:54:18,19467,,,90,128,192,,,,,,,,,,,,
pose_risk_net,D:\MoonStack\experiments\moon_rock_stack\batch_runs\20260621_pose_risk_net_negative_mining_strict_v1\pose_risk_net_metrics.json,D:\MoonStack\experiments\moon_rock_stack\batch_runs\20260621_pose_risk_net_negative_mining_strict_v1,D:\MoonStack\experiments\moon_rock_stack\batch_runs\20260621_negative_mining_wall_dataset_v1,2026-06-21T17:13:44,9279,7605,1674,180,512,224,PoseRiskNet V1: pre-simulation candidate pose risk penalty for wall stacking.,"Inputs use geometry, target, gravity, and candidate pose only; post-simulation fields are labels only.",0.9647550776583035,0.9938461538461538,0.9705528846153846,0.9820614168440256,,,0.3,1.0,,
pose_risk_net,D:\MoonStack\experiments\moon_rock_stack\batch_runs\20260621_pose_risk_net_negative_mining_moderate_v1\pose_risk_net_metrics.json,D:\MoonStack\experiments\moon_rock_stack\batch_runs\20260621_pose_risk_net_negative_mining_moderate_v1,D:\MoonStack\experiments\moon_rock_stack\batch_runs\20260621_negative_mining_wall_dataset_v1,2026-06-21T17:15:40,9279,7605,1674,160,512,224,PoseRiskNet V1: pre-simulation candidate pose risk penalty for wall stacking.,"Inputs use geometry, target, gravity, and candidate pose only; post-simulation fields are labels only.",0.9528076463560334,0.9919003115264797,0.9601930036188179,0.9757891510879558,,,0.4375,1.0,,
20260621_support_map_cnn_negative_mining_riskadjusted_v1,D:\MoonStack\experiments\moon_rock_stack\batch_runs\20260621_support_map_cnn_negative_mining_riskadjusted_v1\metrics.json,D:\MoonStack\experiments\moon_rock_stack\batch_runs\20260621_support_map_cnn_negative_mining_riskadjusted_v1,,2026-06-21T17:18:07,9279,,,90,128,192,,,,,,,,,,,,
pose_risk_net,D:\MoonStack\experiments\moon_rock_stack\batch_runs\20260621_pose_risk_net_negative_mining_no_velocity_bias_v1\pose_risk_net_metrics.json,D:\MoonStack\experiments\moon_rock_stack\batch_runs\20260621_pose_risk_net_negative_mining_no_velocity_bias_v1,D:\MoonStack\experiments\moon_rock_stack\batch_runs\20260621_negative_mining_wall_dataset_v1,2026-06-21T17:18:47,9279,7119,2160,180,512,224,PoseRiskNet V1: pre-simulation candidate pose risk penalty for wall stacking.,"Inputs use geometry, target, gravity, and candidate pose only; post-simulation fields are labels only.",0.9032407407407408,0.9943762781186094,0.9076061595893608,0.9490119541351549,,,0.4117647058823529,1.0,,
pose_risk_net,D:\MoonStack\experiments\moon_rock_stack\batch_runs\20260621_pose_risk_net_candidate_metric_negative_mining_v1\pose_risk_net_metrics.json,D:\MoonStack\experiments\moon_rock_stack\batch_runs\20260621_pose_risk_net_candidate_metric_negative_mining_v1,D:\MoonStack\experiments\moon_rock_stack\batch_runs\20260621_negative_mining_wall_dataset_v1,2026-06-21T17:21:25,9279,7605,1674,180,512,224,PoseRiskNet V1: pre-simulation candidate pose risk penalty for wall stacking.,"Inputs use geometry, target, gravity, and candidate pose only; post-simulation fields are labels only.",0.7060931899641577,0.8898809523809523,0.7018779342723005,0.7847769028871391,,,0.6761904761904762,1.0,,
pose_risk_net,D:\MoonStack\experiments\moon_rock_stack\batch_runs\20260621_pose_risk_net_candidate_metric_negative_mining_v2\pose_risk_net_metrics.json,D:\MoonStack\experiments\moon_rock_stack\batch_runs\20260621_pose_risk_net_candidate_metric_negative_mining_v2,D:\MoonStack\experiments\moon_rock_stack\batch_runs\20260621_negative_mining_wall_dataset_v2,2026-06-21T17:25:12,10575,6804,3771,180,512,224,PoseRiskNet V1: pre-simulation candidate pose risk penalty for wall stacking.,"Inputs use geometry, target, gravity, and candidate pose only; post-simulation fields are labels only.",0.7048528241845664,0.7288495575221239,0.8557772236076475,0.7872299751481552,,,0.7044476327116213,1.0,,
pose_risk_net,D:\MoonStack\experiments\moon_rock_stack\batch_runs\20260621_pose_risk_net_candidate_metric_negative_mining_v3_smoke_afterpatch\pose_risk_net_metrics.json,D:\MoonStack\experiments\moon_rock_stack\batch_runs\20260621_pose_risk_net_candidate_metric_negative_mining_v3_smoke_afterpatch,D:\MoonStack\experiments\moon_rock_stack\batch_runs\20260621_negative_mining_wall_dataset_v4,2026-06-21T18:12:57,13657,10687,2970,1,1024,192,PoseRiskNet V1: pre-simulation candidate pose risk penalty for wall stacking.,"Inputs use geometry, target, gravity, and candidate pose only; post-simulation fields are labels only.",0.6447811447811448,0.768762677484787,0.6145945945945946,0.6830880144187443,,,0.662962962962963,1.0,,
pose_risk_net,D:\MoonStack\experiments\moon_rock_stack\batch_runs\20260621_pose_risk_net_candidate_metric_negative_mining_v3_controlled_afterpatch\pose_risk_net_metrics.json,D:\MoonStack\experiments\moon_rock_stack\batch_runs\20260621_pose_risk_net_candidate_metric_negative_mining_v3_controlled_afterpatch,D:\MoonStack\experiments\moon_rock_stack\batch_runs\20260621_negative_mining_wall_dataset_v4,2026-06-21T18:13:20,13657,11327,2330,90,1024,192,PoseRiskNet V1: pre-simulation candidate pose risk penalty for wall stacking.,"Inputs use geometry, target, gravity, and candidate pose only; post-simulation fields are labels only.",0.6690987124463519,0.6730641958967571,0.785935085007728,0.7251336898395722,,,0.7596153846153846,0.9980769230769231,,
pose_risk_net,D:\MoonStack\experiments\moon_rock_stack\batch_runs\20260621_pose_risk_net_candidate_metric_negative_mining_v4_highwall\pose_risk_net_metrics.json,D:\MoonStack\experiments\moon_rock_stack\batch_runs\20260621_pose_risk_net_candidate_metric_negative_mining_v4_highwall,D:\MoonStack\experiments\moon_rock_stack\batch_runs\20260621_negative_mining_wall_dataset_v5,2026-06-21T18:15:16,16836,12687,4149,90,1024,192,PoseRiskNet V1: pre-simulation candidate pose risk penalty for wall stacking.,"Inputs use geometry, target, gravity, and candidate pose only; post-simulation fields are labels only.",0.7642805495300072,0.8705501618122977,0.7966436327739388,0.831958762886598,,,0.7453874538745388,1.0,,
20260621_support_map_cnn_negative_mining_v4_highwall_foreground,D:\MoonStack\experiments\moon_rock_stack\batch_runs\20260621_support_map_cnn_negative_mining_v4_highwall_foreground\metrics.json,D:\MoonStack\experiments\moon_rock_stack\batch_runs\20260621_support_map_cnn_negative_mining_v4_highwall_foreground,,2026-06-21T18:27:55,16836,,,90,128,192,,,,,,,,,,,,
pose_risk_net,D:\MoonStack\experiments\moon_rock_stack\batch_runs\20260621_pose_risk_net_candidate_metric_negative_mining_v5_after_mlpfix\pose_risk_net_metrics.json,D:\MoonStack\experiments\moon_rock_stack\batch_runs\20260621_pose_risk_net_candidate_metric_negative_mining_v5_after_mlpfix,D:\MoonStack\experiments\moon_rock_stack\batch_runs\20260621_negative_mining_wall_dataset_v6_after_mlpfix,2026-06-21T19:48:26,17796,14578,3218,90,1024,192,PoseRiskNet V1: pre-simulation candidate pose risk penalty for wall stacking.,"Inputs use geometry, target, gravity, and candidate pose only; post-simulation fields are labels only.",0.7343070229956494,0.7680467091295117,0.7758713136729223,0.7719391837823419,,,0.7724358974358975,0.9935897435897436,,
pose_risk_net,D:\MoonStack\experiments\moon_rock_stack\batch_runs\20260621_pose_risk_net_candidate_metric_negative_mining_v6_poseriskv5_nearmiss\pose_risk_net_metrics.json,D:\MoonStack\experiments\moon_rock_stack\batch_runs\20260621_pose_risk_net_candidate_metric_negative_mining_v6_poseriskv5_nearmiss,D:\MoonStack\experiments\moon_rock_stack\batch_runs\20260621_negative_mining_wall_dataset_v7_poseriskv5_nearmiss,2026-06-21T19:53:49,18180,11884,6296,90,1024,192,PoseRiskNet V1: pre-simulation candidate pose risk penalty for wall stacking.,"Inputs use geometry, target, gravity, and candidate pose only; post-simulation fields are labels only.",0.7353875476493011,0.784655212991292,0.816156670746634,0.8000959923206143,,,0.7043158861340679,0.9935720844811754,,
pose_risk_net,D:\MoonStack\experiments\moon_rock_stack\batch_runs\20260621_pose_risk_net_candidate_metric_negative_mining_v7_weight_sweep\pose_risk_net_metrics.json,D:\MoonStack\experiments\moon_rock_stack\batch_runs\20260621_pose_risk_net_candidate_metric_negative_mining_v7_weight_sweep,D:\MoonStack\experiments\moon_rock_stack\batch_runs\20260621_negative_mining_wall_dataset_v10_weight_sweep,2026-06-21T20:20:33,20100,13296,6804,90,1024,192,PoseRiskNet V1: pre-simulation candidate pose risk penalty for wall stacking.,"Inputs use geometry, target, gravity, and candidate pose only; post-simulation fields are labels only.",0.7035567313345091,0.8481848184818482,0.701890756302521,0.768134268306702,,,0.716374269005848,1.0,,
20260621_wall_state_critic_v10_closedloop_holdout,D:\MoonStack\experiments\moon_rock_stack\batch_runs\20260621_wall_state_critic_v10_closedloop_holdout\metrics.json,D:\MoonStack\experiments\moon_rock_stack\batch_runs\20260621_wall_state_critic_v10_closedloop_holdout,,2026-06-21T20:27:12,,,,80,128,160,WallStateCritic V1 predicts post-placement local structure risk from current wall depth and stone geometry.,,,,,,,,,,,
20260621_support_map_cnn_v10_structure_holdout,D:\MoonStack\experiments\moon_rock_stack\batch_runs\20260621_support_map_cnn_v10_structure_holdout\metrics.json,D:\MoonStack\experiments\moon_rock_stack\batch_runs\20260621_support_map_cnn_v10_structure_holdout,,2026-06-21T20:37:22,20100,,,90,128,192,,,,,,,,,,,,
20260621_support_map_cnn_v10_riskadjusted_holdout,D:\MoonStack\experiments\moon_rock_stack\batch_runs\20260621_support_map_cnn_v10_riskadjusted_holdout\metrics.json,D:\MoonStack\experiments\moon_rock_stack\batch_runs\20260621_support_map_cnn_v10_riskadjusted_holdout,,2026-06-21T20:58:04,20100,,,90,128,192,,,,,,,,,,,,
pose_risk_net,D:\MoonStack\experiments\moon_rock_stack\batch_runs\20260621_pose_risk_net_candidate_metric_negative_mining_v8_neural_failures\pose_risk_net_metrics.json,D:\MoonStack\experiments\moon_rock_stack\batch_runs\20260621_pose_risk_net_candidate_metric_negative_mining_v8_neural_failures,D:\MoonStack\experiments\moon_rock_stack\batch_runs\20260621_negative_mining_wall_dataset_v11_neural_failures,2026-06-21T21:15:19,22404,16719,5685,90,1024,192,PoseRiskNet V1: pre-simulation candidate pose risk penalty for wall stacking.,"Inputs use geometry, target, gravity, and candidate pose only; post-simulation fields are labels only.",0.7831134564643799,0.9566433566433566,0.7967384973791497,0.8693994280266921,,,0.725752508361204,1.0,,
pose_risk_net,D:\MoonStack\experiments\moon_rock_stack\batch_runs\20260621_pose_risk_net_candidate_metric_negative_mining_v8b_relaxed_neural_failures\pose_risk_net_metrics.json,D:\MoonStack\experiments\moon_rock_stack\batch_runs\20260621_pose_risk_net_candidate_metric_negative_mining_v8b_relaxed_neural_failures,D:\MoonStack\experiments\moon_rock_stack\batch_runs\20260621_negative_mining_wall_dataset_v11_neural_failures,2026-06-21T21:15:56,22404,16719,5685,90,1024,192,PoseRiskNet V1: pre-simulation candidate pose risk penalty for wall stacking.,"Inputs use geometry, target, gravity, and candidate pose only; post-simulation fields are labels only.",0.7664028144239226,0.9518975102731448,0.7771857114663508,0.8557149065623642,,,0.7047353760445683,1.0,,
20260621_support_map_cnn_v12_interlock_holdout_candidates5,D:\MoonStack\experiments\moon_rock_stack\batch_runs\20260621_support_map_cnn_v12_interlock_holdout_candidates5\metrics.json,D:\MoonStack\experiments\moon_rock_stack\batch_runs\20260621_support_map_cnn_v12_interlock_holdout_candidates5,,2026-06-21T21:59:02,23940,,,90,128,192,,,,,,,,,,,,
20260621_support_map_cnn_v14_course3net_riskadjusted_holdout,D:\MoonStack\experiments\moon_rock_stack\batch_runs\20260621_support_map_cnn_v14_course3net_riskadjusted_holdout\metrics.json,D:\MoonStack\experiments\moon_rock_stack\batch_runs\20260621_support_map_cnn_v14_course3net_riskadjusted_holdout,,2026-06-21T23:41:52,27404,,,70,128,192,,,,,,,,,,,,
pose_risk_net,D:\MoonStack\experiments\moon_rock_stack\batch_runs\20260621_pose_risk_net_candidate_metric_v14_course3net_upperheuristic\pose_risk_net_metrics.json,D:\MoonStack\experiments\moon_rock_stack\batch_runs\20260621_pose_risk_net_candidate_metric_v14_course3net_upperheuristic,D:\MoonStack\experiments\moon_rock_stack\batch_runs\20260621_negative_mining_wall_dataset_v14_course3net_upperheuristic,2026-06-21T23:42:32,27404,24516,2888,90,1024,192,PoseRiskNet V1: pre-simulation candidate pose risk penalty for wall stacking.,"Inputs use geometry, target, gravity, and candidate pose only; post-simulation fields are labels only.",0.8365650969529086,0.9747042023663811,0.8535191139692747,0.9100952380952381,,,0.5483870967741935,1.0,,
20260621_support_map_cnn_v15_drift_guarded_holdout,D:\MoonStack\experiments\moon_rock_stack\batch_runs\20260621_support_map_cnn_v15_drift_guarded_holdout\metrics.json,D:\MoonStack\experiments\moon_rock_stack\batch_runs\20260621_support_map_cnn_v15_drift_guarded_holdout,,2026-06-22T00:15:55,28980,,,80,128,192,,,,,,,,,,,,
20260622_support_map_cnn_v16_drift_guarded_holdout,D:\MoonStack\experiments\moon_rock_stack\batch_runs\20260622_support_map_cnn_v16_drift_guarded_holdout\metrics.json,D:\MoonStack\experiments\moon_rock_stack\batch_runs\20260622_support_map_cnn_v16_drift_guarded_holdout,,2026-06-22T00:45:22,32132,,,80,128,192,,,,,,,,,,,,
20260622_wall_state_critic_v16_course3net_upperheuristic_603604,D:\MoonStack\experiments\moon_rock_stack\batch_runs\20260622_wall_state_critic_v16_course3net_upperheuristic_603604\metrics.json,D:\MoonStack\experiments\moon_rock_stack\batch_runs\20260622_wall_state_critic_v16_course3net_upperheuristic_603604,,2026-06-22T00:49:47,,,,90,128,192,WallStateCritic V1 predicts post-placement local structure risk from current wall depth and stone geometry.,,,,,,,,,,,
pose_risk_net,D:\MoonStack\experiments\moon_rock_stack\batch_runs\20260622_pose_risk_net_candidate_metric_v16_course3net_upperheuristic_603604\pose_risk_net_metrics.json,D:\MoonStack\experiments\moon_rock_stack\batch_runs\20260622_pose_risk_net_candidate_metric_v16_course3net_upperheuristic_603604,D:\MoonStack\experiments\moon_rock_stack\batch_runs\20260622_negative_mining_wall_dataset_v16_course3net_upperheuristic_603604,2026-06-22T00:50:36,32132,25828,6304,100,1024,192,PoseRiskNet V1: pre-simulation candidate pose risk penalty for wall stacking.,"Inputs use geometry, target, gravity, and candidate pose only; post-simulation fields are labels only.",0.7898159898477157,0.9655307481394438,0.8109886494489226,0.8815377738042021,,,0.4420289855072464,0.8913043478260869,,
pose_risk_net,D:\MoonStack\experiments\moon_rock_stack\batch_runs\20260622_resume_smoke_pose_risk_net_1000\pose_risk_net_metrics.json,D:\MoonStack\experiments\moon_rock_stack\batch_runs\20260622_resume_smoke_pose_risk_net_1000,D:\MoonStack\experiments\moon_rock_stack\batch_runs\20260622_negative_mining_wall_dataset_v17_course3net_upperheuristic_605606,2026-06-22T10:00:42,34836,23359,11477,1,256,96,PoseRiskNet V1: pre-simulation candidate pose risk penalty for wall stacking.,"Inputs use geometry, target, gravity, and candidate pose only; post-simulation fields are labels only.",0.4296418924806134,0.9957142857142857,0.4278323395299895,0.5985034347399412,,,0.3835616438356164,0.9726027397260274,,
pose_risk_net,D:\MoonStack\experiments\moon_rock_stack\batch_runs\20260622_resume_poserisk_candidate_metric_v17_80ep_20260622_100955\pose_risk_net_metrics.json,D:\MoonStack\experiments\moon_rock_stack\batch_runs\20260622_resume_poserisk_candidate_metric_v17_80ep_20260622_100955,D:\MoonStack\experiments\moon_rock_stack\batch_runs\20260622_negative_mining_wall_dataset_v17_course3net_upperheuristic_605606,2026-06-22T10:12:34,34836,26828,8008,80,512,160,PoseRiskNet V1: pre-simulation candidate pose risk penalty for wall stacking.,"Inputs use geometry, target, gravity, and candidate pose only; post-simulation fields are labels only.",0.7392607392607392,0.9520237264480111,0.7506189821182944,0.8394093216428242,,,0.6324582338902148,0.9761336515513126,,
pose_risk_net,D:\MoonStack\experiments\moon_rock_stack\batch_runs\20260622_resume_poserisk_candidate_metric_hardnegative_100955_80ep\pose_risk_net_metrics.json,D:\MoonStack\experiments\moon_rock_stack\batch_runs\20260622_resume_poserisk_candidate_metric_hardnegative_100955_80ep,D:\MoonStack\experiments\moon_rock_stack\batch_runs\20260622_resume_3to4_hardnegative_20260622_100955_learning_dataset,2026-06-22T10:32:38,25471,20383,5088,80,512,160,PoseRiskNet V1: pre-simulation candidate pose risk penalty for wall stacking.,"Inputs use geometry, target, gravity, and candidate pose only; post-simulation fields are labels only.",0.7352594339622641,0.9151214416296684,0.7741935483870968,0.8387791741472173,,,0.6508620689655172,0.9396551724137931,,
pose_risk_net,D:\MoonStack\experiments\moon_rock_stack\batch_runs\20260622_resume_poserisk_strictdrift_hardnegative_100955_100ep\pose_risk_net_metrics.json,D:\MoonStack\experiments\moon_rock_stack\batch_runs\20260622_resume_poserisk_strictdrift_hardnegative_100955_100ep,D:\MoonStack\experiments\moon_rock_stack\batch_runs\20260622_resume_3to4_hardnegative_20260622_100955_learning_dataset,2026-06-22T13:53:01,25471,19915,5556,100,512,192,PoseRiskNet V1: pre-simulation candidate pose risk penalty for wall stacking.,"Inputs use geometry, target, gravity, and candidate pose only; post-simulation fields are labels only.",0.7948164146868251,0.9278731262220291,0.840913565662532,0.8822557322867176,,,0.5962264150943396,1.0,,
pose_risk_net,D:\MoonStack\experiments\moon_rock_stack\batch_runs\20260622_resume_poserisk_velocity_strict_hardnegative_100955_90ep\pose_risk_net_metrics.json,D:\MoonStack\experiments\moon_rock_stack\batch_runs\20260622_resume_poserisk_velocity_strict_hardnegative_100955_90ep,D:\MoonStack\experiments\moon_rock_stack\batch_runs\20260622_resume_3to4_hardnegative_20260622_100955_learning_dataset,2026-06-22T16:26:03,25471,17603,7868,90,512,192,PoseRiskNet V1: pre-simulation candidate pose risk penalty for wall stacking.,"Inputs use geometry, target, gravity, and candidate pose only; post-simulation fields are labels only.",0.7829181494661922,0.9428390967945681,0.8160448271149379,0.8748717948717949,,,0.5172413793103449,0.9501915708812261,,
pose_risk_net,D:\MoonStack\experiments\moon_rock_stack\batch_runs\20260622_poserisk_v18b_recent_3to4_train\pose_risk_net_metrics.json,D:\MoonStack\experiments\moon_rock_stack\batch_runs\20260622_poserisk_v18b_recent_3to4_train,D:\MoonStack\experiments\moon_rock_stack\batch_runs\20260622_poserisk_v18b_recent_3to4_dataset,2026-06-22T22:39:20,64984,50600,14384,160,512,224,PoseRiskNet V1: pre-simulation candidate pose risk penalty for wall stacking.,"Inputs use geometry, target, gravity, and candidate pose only; post-simulation fields are labels only.",0.7486790878754171,0.8621060171919771,0.8226950354609929,0.8419395741331818,,,0.6054181389870436,0.8598351001177856,,
20260622_supportmap_v19_recent_3to4_train,D:\MoonStack\experiments\moon_rock_stack\batch_runs\20260622_supportmap_v19_recent_3to4_train\metrics.json,D:\MoonStack\experiments\moon_rock_stack\batch_runs\20260622_supportmap_v19_recent_3to4_train,,2026-06-22T23:54:27,8741,,,90,96,192,,,,,,,,,,,,
stone_fit_net,D:\MoonStack\experiments\moon_rock_stack\batch_runs\20260623_debug_c11_stone_slot_cpu_retry_fixed\stone_fit_net_metrics.json,D:\MoonStack\experiments\moon_rock_stack\batch_runs\20260623_debug_c11_stone_slot_cpu_retry_fixed,D:\MoonStack\experiments\moon_rock_stack\batch_runs\20260622_autonomous_wall_flywheel_master_v2_c11_flywheel_3to4_learning_dataset,2026-06-23T13:25:39,6498,5568,930,20,128,128,StoneSlotNet V1: score whether a stone geometry fits a target wall slot before pose search.,No candidate_rank or primary-assignment fields are used as input.,0.603225806451613,0.07571801566579635,0.6590909090909091,0.1358313817330211,0.15,0.35,,,,
20260623_supportmap_v20_structureaware_highcourse_train,D:\MoonStack\experiments\moon_rock_stack\batch_runs\20260623_supportmap_v20_structureaware_highcourse_train\metrics.json,D:\MoonStack\experiments\moon_rock_stack\batch_runs\20260623_supportmap_v20_structureaware_highcourse_train,,2026-06-23T13:38:14,8741,,,110,96,224,,,,,,,,,,,,
stone_fit_net,D:\MoonStack\experiments\moon_rock_stack\batch_runs\20260622_autonomous_wall_flywheel_master_v2_c12_flywheel_3to4_stone_slot_net\stone_fit_net_metrics.json,D:\MoonStack\experiments\moon_rock_stack\batch_runs\20260622_autonomous_wall_flywheel_master_v2_c12_flywheel_3to4_stone_slot_net,D:\MoonStack\experiments\moon_rock_stack\batch_runs\20260622_autonomous_wall_flywheel_master_v2_c12_flywheel_3to4_learning_dataset,2026-06-23T14:58:03,6498,4050,2448,80,128,128,StoneSlotNet V1: score whether a stone geometry fits a target wall slot before pose search.,No candidate_rank or primary-assignment fields are used as input.,0.7483660130718954,0.08974358974358974,0.2916666666666667,0.13725490196078433,0.2926829268292683,0.4146341463414634,,,,
20260622_autonomous_wall_flywheel_master_v2_c12_flywheel_3to4_pose_ranker_structure,D:\MoonStack\experiments\moon_rock_stack\batch_runs\20260622_autonomous_wall_flywheel_master_v2_c12_flywheel_3to4_pose_ranker_structure\metrics.json,D:\MoonStack\experiments\moon_rock_stack\batch_runs\20260622_autonomous_wall_flywheel_master_v2_c12_flywheel_3to4_pose_ranker_structure,,2026-06-23T14:59:13,2639,,,70,128,192,,,,,,,,,,,,
20260622_autonomous_wall_flywheel_master_v2_c12_flywheel_3to4_wall_state_critic,D:\MoonStack\experiments\moon_rock_stack\batch_runs\20260622_autonomous_wall_flywheel_master_v2_c12_flywheel_3to4_wall_state_critic\metrics.json,D:\MoonStack\experiments\moon_rock_stack\batch_runs\20260622_autonomous_wall_flywheel_master_v2_c12_flywheel_3to4_wall_state_critic,,2026-06-23T14:59:36,,,,70,160,192,WallStateCritic V1 predicts post-placement local structure risk from current wall depth and stone geometry.,,,,,,,,,,,
20260623_c12_supportmap_v21_roleweighted_train,D:\MoonStack\experiments\moon_rock_stack\batch_runs\20260623_c12_supportmap_v21_roleweighted_train\metrics.json,D:\MoonStack\experiments\moon_rock_stack\batch_runs\20260623_c12_supportmap_v21_roleweighted_train,,2026-06-23T15:03:06,2639,,,90,128,192,,,,,,,,,,,,
20260623_c12_supportmap_v22_seedcheck_train,D:\MoonStack\experiments\moon_rock_stack\batch_runs\20260623_c12_supportmap_v22_seedcheck_train\metrics.json,D:\MoonStack\experiments\moon_rock_stack\batch_runs\20260623_c12_supportmap_v22_seedcheck_train,,2026-06-23T15:10:08,2639,,,70,128,192,,,,,,,,,,,,
stone_fit_net,D:\MoonStack\experiments\moon_rock_stack\batch_runs\20260622_autonomous_wall_flywheel_master_v2_c13_flywheel_3to4_stone_slot_net\stone_fit_net_metrics.json,D:\MoonStack\experiments\moon_rock_stack\batch_runs\20260622_autonomous_wall_flywheel_master_v2_c13_flywheel_3to4_stone_slot_net,D:\MoonStack\experiments\moon_rock_stack\batch_runs\20260622_autonomous_wall_flywheel_master_v2_c13_flywheel_3to4_learning_dataset,2026-06-23T21:13:40,6498,3648,2850,80,128,128,StoneSlotNet V1: score whether a stone geometry fits a target wall slot before pose search.,No candidate_rank or primary-assignment fields are used as input.,0.7673684210526316,0.09369676320272573,0.2956989247311828,0.1423027166882277,0.11864406779661017,0.2542372881355932,,,,
20260622_autonomous_wall_flywheel_master_v2_c13_flywheel_3to4_pose_ranker_structure,D:\MoonStack\experiments\moon_rock_stack\batch_runs\20260622_autonomous_wall_flywheel_master_v2_c13_flywheel_3to4_pose_ranker_structure\metrics.json,D:\MoonStack\experiments\moon_rock_stack\batch_runs\20260622_autonomous_wall_flywheel_master_v2_c13_flywheel_3to4_pose_ranker_structure,,2026-06-23T21:14:46,2639,,,70,128,192,,,,,,,,,,,,
20260622_autonomous_wall_flywheel_master_v2_c13_flywheel_3to4_wall_state_critic,D:\MoonStack\experiments\moon_rock_stack\batch_runs\20260622_autonomous_wall_flywheel_master_v2_c13_flywheel_3to4_wall_state_critic\metrics.json,D:\MoonStack\experiments\moon_rock_stack\batch_runs\20260622_autonomous_wall_flywheel_master_v2_c13_flywheel_3to4_wall_state_critic,,2026-06-23T21:15:09,,,,70,160,192,WallStateCritic V1 predicts post-placement local structure risk from current wall depth and stone geometry.,,,,,,,,,,,
stone_fit_net,D:\MoonStack\experiments\moon_rock_stack\batch_runs\20260622_autonomous_wall_flywheel_master_v2_c14_flywheel_3to4_stone_slot_net\stone_fit_net_metrics.json,D:\MoonStack\experiments\moon_rock_stack\batch_runs\20260622_autonomous_wall_flywheel_master_v2_c14_flywheel_3to4_stone_slot_net,D:\MoonStack\experiments\moon_rock_stack\batch_runs\20260622_autonomous_wall_flywheel_master_v2_c14_flywheel_3to4_learning_dataset,2026-06-24T02:40:59,6498,4770,1728,80,128,128,StoneSlotNet V1: score whether a stone geometry fits a target wall slot before pose search.,No candidate_rank or primary-assignment fields are used as input.,0.6840277777777778,0.08506616257088846,0.4205607476635514,0.14150943396226415,0.05263157894736842,0.2894736842105263,,,,
20260622_autonomous_wall_flywheel_master_v2_c14_flywheel_3to4_pose_ranker_structure,D:\MoonStack\experiments\moon_rock_stack\batch_runs\20260622_autonomous_wall_flywheel_master_v2_c14_flywheel_3to4_pose_ranker_structure\metrics.json,D:\MoonStack\experiments\moon_rock_stack\batch_runs\20260622_autonomous_wall_flywheel_master_v2_c14_flywheel_3to4_pose_ranker_structure,,2026-06-24T02:41:58,2614,,,70,128,192,,,,,,,,,,,,
20260622_autonomous_wall_flywheel_master_v2_c14_flywheel_3to4_wall_state_critic,D:\MoonStack\experiments\moon_rock_stack\batch_runs\20260622_autonomous_wall_flywheel_master_v2_c14_flywheel_3to4_wall_state_critic\metrics.json,D:\MoonStack\experiments\moon_rock_stack\batch_runs\20260622_autonomous_wall_flywheel_master_v2_c14_flywheel_3to4_wall_state_critic,,2026-06-24T02:42:21,,,,70,160,192,WallStateCritic V1 predicts post-placement local structure risk from current wall depth and stone geometry.,,,,,,,,,,,
stone_fit_net,D:\MoonStack\experiments\moon_rock_stack\batch_runs\20260622_autonomous_wall_flywheel_master_v2_c15_flywheel_3to4_stone_slot_net\stone_fit_net_metrics.json,D:\MoonStack\experiments\moon_rock_stack\batch_runs\20260622_autonomous_wall_flywheel_master_v2_c15_flywheel_3to4_stone_slot_net,D:\MoonStack\experiments\moon_rock_stack\batch_runs\20260622_autonomous_wall_flywheel_master_v2_c15_flywheel_3to4_learning_dataset,2026-06-24T08:12:34,6498,5568,930,80,128,128,StoneSlotNet V1: score whether a stone geometry fits a target wall slot before pose search.,No candidate_rank or primary-assignment fields are used as input.,0.7602150537634409,0.08482142857142858,0.5135135135135135,0.14559386973180077,0.15151515151515152,0.36363636363636365,,,,
20260622_autonomous_wall_flywheel_master_v2_c15_flywheel_3to4_pose_ranker_structure,D:\MoonStack\experiments\moon_rock_stack\batch_runs\20260622_autonomous_wall_flywheel_master_v2_c15_flywheel_3to4_pose_ranker_structure\metrics.json,D:\MoonStack\experiments\moon_rock_stack\batch_runs\20260622_autonomous_wall_flywheel_master_v2_c15_flywheel_3to4_pose_ranker_structure,,2026-06-24T08:13:25,2609,,,70,128,192,,,,,,,,,,,,
20260622_autonomous_wall_flywheel_master_v2_c15_flywheel_3to4_wall_state_critic,D:\MoonStack\experiments\moon_rock_stack\batch_runs\20260622_autonomous_wall_flywheel_master_v2_c15_flywheel_3to4_wall_state_critic\metrics.json,D:\MoonStack\experiments\moon_rock_stack\batch_runs\20260622_autonomous_wall_flywheel_master_v2_c15_flywheel_3to4_wall_state_critic,,2026-06-24T08:13:43,,,,70,160,192,WallStateCritic V1 predicts post-placement local structure risk from current wall depth and stone geometry.,,,,,,,,,,,
stone_fit_net,D:\MoonStack\experiments\moon_rock_stack\batch_runs\20260622_autonomous_wall_flywheel_master_v2_c16_flywheel_3to4_stone_slot_net\stone_fit_net_metrics.json,D:\MoonStack\experiments\moon_rock_stack\batch_runs\20260622_autonomous_wall_flywheel_master_v2_c16_flywheel_3to4_stone_slot_net,D:\MoonStack\experiments\moon_rock_stack\batch_runs\20260622_autonomous_wall_flywheel_master_v2_c16_flywheel_3to4_learning_dataset,2026-06-24T13:43:44,6498,5586,912,80,128,128,StoneSlotNet V1: score whether a stone geometry fits a target wall slot before pose search.,No candidate_rank or primary-assignment fields are used as input.,0.5942982456140351,0.09562841530054644,0.47297297297297297,0.1590909090909091,0.2857142857142857,0.35714285714285715,,,,
20260622_autonomous_wall_flywheel_master_v2_c16_flywheel_3to4_pose_ranker_structure,D:\MoonStack\experiments\moon_rock_stack\batch_runs\20260622_autonomous_wall_flywheel_master_v2_c16_flywheel_3to4_pose_ranker_structure\metrics.json,D:\MoonStack\experiments\moon_rock_stack\batch_runs\20260622_autonomous_wall_flywheel_master_v2_c16_flywheel_3to4_pose_ranker_structure,,2026-06-24T13:44:53,2644,,,70,128,192,,,,,,,,,,,,
20260622_autonomous_wall_flywheel_master_v2_c16_flywheel_3to4_wall_state_critic,D:\MoonStack\experiments\moon_rock_stack\batch_runs\20260622_autonomous_wall_flywheel_master_v2_c16_flywheel_3to4_wall_state_critic\metrics.json,D:\MoonStack\experiments\moon_rock_stack\batch_runs\20260622_autonomous_wall_flywheel_master_v2_c16_flywheel_3to4_wall_state_critic,,2026-06-24T13:45:18,,,,70,160,192,WallStateCritic V1 predicts post-placement local structure risk from current wall depth and stone geometry.,,,,,,,,,,,
20260624_merged_c12_c16_supportmap_drift_guarded_train_20260624_152924,D:\MoonStack\experiments\moon_rock_stack\batch_runs\20260624_merged_c12_c16_supportmap_drift_guarded_train_20260624_152924\metrics.json,D:\MoonStack\experiments\moon_rock_stack\batch_runs\20260624_merged_c12_c16_supportmap_drift_guarded_train_20260624_152924,,2026-06-24T15:29:27,22,,,1,96,224,,,,,,,,,,,,
20260624_merged_c12_c16_supportmap_drift_guarded_train_20260624_190945,D:\MoonStack\experiments\moon_rock_stack\batch_runs\20260624_merged_c12_c16_supportmap_drift_guarded_train_20260624_190945\metrics.json,D:\MoonStack\experiments\moon_rock_stack\batch_runs\20260624_merged_c12_c16_supportmap_drift_guarded_train_20260624_190945,,2026-06-24T19:15:38,14170,,,110,96,224,,,,,,,,,,,,
stone_fit_net,D:\MoonStack\experiments\moon_rock_stack\batch_runs\20260622_autonomous_wall_flywheel_master_v2_c17_flywheel_3to4_stone_slot_net\stone_fit_net_metrics.json,D:\MoonStack\experiments\moon_rock_stack\batch_runs\20260622_autonomous_wall_flywheel_master_v2_c17_flywheel_3to4_stone_slot_net,D:\MoonStack\experiments\moon_rock_stack\batch_runs\20260622_autonomous_wall_flywheel_master_v2_c17_flywheel_3to4_learning_dataset,2026-06-24T20:35:47,6498,5808,690,80,128,128,StoneSlotNet V1: score whether a stone geometry fits a target wall slot before pose search.,No candidate_rank or primary-assignment fields are used as input.,0.6275362318840579,0.08949416342412451,0.5,0.15181518151815182,0.32558139534883723,0.4186046511627907,,,,
20260622_autonomous_wall_flywheel_master_v2_c17_flywheel_3to4_pose_ranker_structure,D:\MoonStack\experiments\moon_rock_stack\batch_runs\20260622_autonomous_wall_flywheel_master_v2_c17_flywheel_3to4_pose_ranker_structure\metrics.json,D:\MoonStack\experiments\moon_rock_stack\batch_runs\20260622_autonomous_wall_flywheel_master_v2_c17_flywheel_3to4_pose_ranker_structure,,2026-06-24T20:36:44,2614,,,70,128,192,,,,,,,,,,,,
20260622_autonomous_wall_flywheel_master_v2_c17_flywheel_3to4_wall_state_critic,D:\MoonStack\experiments\moon_rock_stack\batch_runs\20260622_autonomous_wall_flywheel_master_v2_c17_flywheel_3to4_wall_state_critic\metrics.json,D:\MoonStack\experiments\moon_rock_stack\batch_runs\20260622_autonomous_wall_flywheel_master_v2_c17_flywheel_3to4_wall_state_critic,,2026-06-24T20:37:03,,,,70,160,192,WallStateCritic V1 predicts post-placement local structure risk from current wall depth and stone geometry.,,,,,,,,,,,
stone_fit_net,D:\MoonStack\experiments\moon_rock_stack\batch_runs\20260622_autonomous_wall_flywheel_master_v2_c18_flywheel_3to4_stone_slot_net\stone_fit_net_metrics.json,D:\MoonStack\experiments\moon_rock_stack\batch_runs\20260622_autonomous_wall_flywheel_master_v2_c18_flywheel_3to4_stone_slot_net,D:\MoonStack\experiments\moon_rock_stack\batch_runs\20260622_autonomous_wall_flywheel_master_v2_c18_flywheel_3to4_learning_dataset,2026-06-25T01:53:46,6498,5568,930,80,128,128,StoneSlotNet V1: score whether a stone geometry fits a target wall slot before pose search.,No candidate_rank or primary-assignment fields are used as input.,0.6645161290322581,0.0761904761904762,0.5333333333333333,0.13333333333333333,0.0975609756097561,0.34146341463414637,,,,
20260622_autonomous_wall_flywheel_master_v2_c18_flywheel_3to4_pose_ranker_structure,D:\MoonStack\experiments\moon_rock_stack\batch_runs\20260622_autonomous_wall_flywheel_master_v2_c18_flywheel_3to4_pose_ranker_structure\metrics.json,D:\MoonStack\experiments\moon_rock_stack\batch_runs\20260622_autonomous_wall_flywheel_master_v2_c18_flywheel_3to4_pose_ranker_structure,,2026-06-25T01:54:39,2599,,,70,128,192,,,,,,,,,,,,
20260622_autonomous_wall_flywheel_master_v2_c18_flywheel_3to4_wall_state_critic,D:\MoonStack\experiments\moon_rock_stack\batch_runs\20260622_autonomous_wall_flywheel_master_v2_c18_flywheel_3to4_wall_state_critic\metrics.json,D:\MoonStack\experiments\moon_rock_stack\batch_runs\20260622_autonomous_wall_flywheel_master_v2_c18_flywheel_3to4_wall_state_critic,,2026-06-25T01:55:00,,,,70,160,192,WallStateCritic V1 predicts post-placement local structure risk from current wall depth and stone geometry.,,,,,,,,,,,
stone_fit_net,D:\MoonStack\experiments\moon_rock_stack\batch_runs\20260622_autonomous_wall_flywheel_master_v2_c19_flywheel_3to4_stone_slot_net\stone_fit_net_metrics.json,D:\MoonStack\experiments\moon_rock_stack\batch_runs\20260622_autonomous_wall_flywheel_master_v2_c19_flywheel_3to4_stone_slot_net,D:\MoonStack\experiments\moon_rock_stack\batch_runs\20260622_autonomous_wall_flywheel_master_v2_c19_flywheel_3to4_learning_dataset,2026-06-25T07:05:16,6498,4050,2448,80,128,128,StoneSlotNet V1: score whether a stone geometry fits a target wall slot before pose search.,No candidate_rank or primary-assignment fields are used as input.,0.7148692810457516,0.09442724458204334,0.3505747126436782,0.14878048780487804,0.2727272727272727,0.4090909090909091,,,,
20260622_autonomous_wall_flywheel_master_v2_c19_flywheel_3to4_pose_ranker_structure,D:\MoonStack\experiments\moon_rock_stack\batch_runs\20260622_autonomous_wall_flywheel_master_v2_c19_flywheel_3to4_pose_ranker_structure\metrics.json,D:\MoonStack\experiments\moon_rock_stack\batch_runs\20260622_autonomous_wall_flywheel_master_v2_c19_flywheel_3to4_pose_ranker_structure,,2026-06-25T07:06:20,2649,,,70,128,192,,,,,,,,,,,,
20260622_autonomous_wall_flywheel_master_v2_c19_flywheel_3to4_wall_state_critic,D:\MoonStack\experiments\moon_rock_stack\batch_runs\20260622_autonomous_wall_flywheel_master_v2_c19_flywheel_3to4_wall_state_critic\metrics.json,D:\MoonStack\experiments\moon_rock_stack\batch_runs\20260622_autonomous_wall_flywheel_master_v2_c19_flywheel_3to4_wall_state_critic,,2026-06-25T07:06:42,,,,70,160,192,WallStateCritic V1 predicts post-placement local structure risk from current wall depth and stone geometry.,,,,,,,,,,,
20260625_supportmap_c17_c19_multi_tensor_smoke,D:\MoonStack\experiments\moon_rock_stack\batch_runs\20260625_supportmap_c17_c19_multi_tensor_smoke\metrics.json,D:\MoonStack\experiments\moon_rock_stack\batch_runs\20260625_supportmap_c17_c19_multi_tensor_smoke,,2026-06-25T09:08:07,7862,,,1,96,192,,,,,,,,,,,,
20260625_supportmap_c17_c19_multi_tensor_drift_guarded_train,D:\MoonStack\experiments\moon_rock_stack\batch_runs\20260625_supportmap_c17_c19_multi_tensor_drift_guarded_train\metrics.json,D:\MoonStack\experiments\moon_rock_stack\batch_runs\20260625_supportmap_c17_c19_multi_tensor_drift_guarded_train,,2026-06-25T09:12:29,7862,,,90,96,224,,,,,,,,,,,,
stone_fit_net,D:\MoonStack\experiments\moon_rock_stack\batch_runs\20260622_autonomous_wall_flywheel_master_v2_c20_flywheel_3to4_stone_slot_net\stone_fit_net_metrics.json,D:\MoonStack\experiments\moon_rock_stack\batch_runs\20260622_autonomous_wall_flywheel_master_v2_c20_flywheel_3to4_stone_slot_net,D:\MoonStack\experiments\moon_rock_stack\batch_runs\20260622_autonomous_wall_flywheel_master_v2_c20_flywheel_3to4_learning_dataset,2026-06-25T13:29:15,6498,5874,624,80,128,128,StoneSlotNet V1: score whether a stone geometry fits a target wall slot before pose search.,No candidate_rank or primary-assignment fields are used as input.,0.8461538461538461,0.18085106382978725,0.4722222222222222,0.26153846153846155,0.3870967741935484,0.5483870967741935,,,,
20260622_autonomous_wall_flywheel_master_v2_c20_flywheel_3to4_pose_ranker_structure,D:\MoonStack\experiments\moon_rock_stack\batch_runs\20260622_autonomous_wall_flywheel_master_v2_c20_flywheel_3to4_pose_ranker_structure\metrics.json,D:\MoonStack\experiments\moon_rock_stack\batch_runs\20260622_autonomous_wall_flywheel_master_v2_c20_flywheel_3to4_pose_ranker_structure,,2026-06-25T13:30:11,2579,,,70,128,192,,,,,,,,,,,,
20260622_autonomous_wall_flywheel_master_v2_c20_flywheel_3to4_wall_state_critic,D:\MoonStack\experiments\moon_rock_stack\batch_runs\20260622_autonomous_wall_flywheel_master_v2_c20_flywheel_3to4_wall_state_critic\metrics.json,D:\MoonStack\experiments\moon_rock_stack\batch_runs\20260622_autonomous_wall_flywheel_master_v2_c20_flywheel_3to4_wall_state_critic,,2026-06-25T13:30:34,,,,70,160,192,WallStateCritic V1 predicts post-placement local structure risk from current wall depth and stone geometry.,,,,,,,,,,,
stone_fit_net,D:\MoonStack\experiments\moon_rock_stack\batch_runs\20260622_autonomous_wall_flywheel_master_v2_c21_flywheel_3to4_stone_slot_net\stone_fit_net_metrics.json,D:\MoonStack\experiments\moon_rock_stack\batch_runs\20260622_autonomous_wall_flywheel_master_v2_c21_flywheel_3to4_stone_slot_net,D:\MoonStack\experiments\moon_rock_stack\batch_runs\20260622_autonomous_wall_flywheel_master_v2_c21_flywheel_3to4_learning_dataset,2026-06-25T19:36:03,6498,5874,624,80,128,128,StoneSlotNet V1: score whether a stone geometry fits a target wall slot before pose search.,No candidate_rank or primary-assignment fields are used as input.,0.7964743589743589,0.14285714285714285,0.40476190476190477,0.2111801242236025,0.38235294117647056,0.5588235294117647,,,,
20260622_autonomous_wall_flywheel_master_v2_c21_flywheel_3to4_pose_ranker_structure,D:\MoonStack\experiments\moon_rock_stack\batch_runs\20260622_autonomous_wall_flywheel_master_v2_c21_flywheel_3to4_pose_ranker_structure\metrics.json,D:\MoonStack\experiments\moon_rock_stack\batch_runs\20260622_autonomous_wall_flywheel_master_v2_c21_flywheel_3to4_pose_ranker_structure,,2026-06-25T19:36:40,2669,,,70,128,192,,,,,,,,,,,,
20260622_autonomous_wall_flywheel_master_v2_c21_flywheel_3to4_wall_state_critic,D:\MoonStack\experiments\moon_rock_stack\batch_runs\20260622_autonomous_wall_flywheel_master_v2_c21_flywheel_3to4_wall_state_critic\metrics.json,D:\MoonStack\experiments\moon_rock_stack\batch_runs\20260622_autonomous_wall_flywheel_master_v2_c21_flywheel_3to4_wall_state_critic,,2026-06-25T19:37:01,,,,70,160,192,WallStateCritic V1 predicts post-placement local structure risk from current wall depth and stone geometry.,,,,,,,,,,,
20260625_supportmap_c20_c21_recent_courseweighted_train,D:\MoonStack\experiments\moon_rock_stack\batch_runs\20260625_supportmap_c20_c21_recent_courseweighted_train\metrics.json,D:\MoonStack\experiments\moon_rock_stack\batch_runs\20260625_supportmap_c20_c21_recent_courseweighted_train,,2026-06-25T22:08:43,5248,,,35,256,160,,,,,,,,,,,,
stone_fit_net,D:\MoonStack\experiments\moon_rock_stack\batch_runs\20260622_autonomous_wall_flywheel_master_v2_c23_flywheel_3to4_stone_slot_net\stone_fit_net_metrics.json,D:\MoonStack\experiments\moon_rock_stack\batch_runs\20260622_autonomous_wall_flywheel_master_v2_c23_flywheel_3to4_stone_slot_net,D:\MoonStack\experiments\moon_rock_stack\batch_runs\20260622_autonomous_wall_flywheel_master_v2_c23_flywheel_3to4_learning_dataset,2026-06-26T01:53:01,6498,3810,2688,80,128,128,StoneSlotNet V1: score whether a stone geometry fits a target wall slot before pose search.,No candidate_rank or primary-assignment fields are used as input.,0.7819940476190477,0.08875739644970414,0.26627218934911245,0.13313609467455623,0.10526315789473684,0.2894736842105263,,,,
20260622_autonomous_wall_flywheel_master_v2_c23_flywheel_3to4_pose_ranker_structure,D:\MoonStack\experiments\moon_rock_stack\batch_runs\20260622_autonomous_wall_flywheel_master_v2_c23_flywheel_3to4_pose_ranker_structure\metrics.json,D:\MoonStack\experiments\moon_rock_stack\batch_runs\20260622_autonomous_wall_flywheel_master_v2_c23_flywheel_3to4_pose_ranker_structure,,2026-06-26T01:54:05,2734,,,70,128,192,,,,,,,,,,,,
20260622_autonomous_wall_flywheel_master_v2_c23_flywheel_3to4_wall_state_critic,D:\MoonStack\experiments\moon_rock_stack\batch_runs\20260622_autonomous_wall_flywheel_master_v2_c23_flywheel_3to4_wall_state_critic\metrics.json,D:\MoonStack\experiments\moon_rock_stack\batch_runs\20260622_autonomous_wall_flywheel_master_v2_c23_flywheel_3to4_wall_state_critic,,2026-06-26T01:54:27,,,,70,160,192,WallStateCritic V1 predicts post-placement local structure risk from current wall depth and stone geometry.,,,,,,,,,,,
stone_fit_net,D:\MoonStack\experiments\moon_rock_stack\batch_runs\20260622_autonomous_wall_flywheel_master_v2_c24_flywheel_3to4_stone_slot_net\stone_fit_net_metrics.json,D:\MoonStack\experiments\moon_rock_stack\batch_runs\20260622_autonomous_wall_flywheel_master_v2_c24_flywheel_3to4_stone_slot_net,D:\MoonStack\experiments\moon_rock_stack\batch_runs\20260622_autonomous_wall_flywheel_master_v2_c24_flywheel_3to4_learning_dataset,2026-06-26T07:20:42,6498,5184,1314,80,128,128,StoneSlotNet V1: score whether a stone geometry fits a target wall slot before pose search.,No candidate_rank or primary-assignment fields are used as input.,0.5540334855403348,0.07130730050933787,0.5185185185185185,0.1253731343283582,0.057692307692307696,0.25,,,,
20260622_autonomous_wall_flywheel_master_v2_c24_flywheel_3to4_pose_ranker_structure,D:\MoonStack\experiments\moon_rock_stack\batch_runs\20260622_autonomous_wall_flywheel_master_v2_c24_flywheel_3to4_pose_ranker_structure\metrics.json,D:\MoonStack\experiments\moon_rock_stack\batch_runs\20260622_autonomous_wall_flywheel_master_v2_c24_flywheel_3to4_pose_ranker_structure,,2026-06-26T07:21:18,2644,,,70,128,192,,,,,,,,,,,,
20260622_autonomous_wall_flywheel_master_v2_c24_flywheel_3to4_wall_state_critic,D:\MoonStack\experiments\moon_rock_stack\batch_runs\20260622_autonomous_wall_flywheel_master_v2_c24_flywheel_3to4_wall_state_critic\metrics.json,D:\MoonStack\experiments\moon_rock_stack\batch_runs\20260622_autonomous_wall_flywheel_master_v2_c24_flywheel_3to4_wall_state_critic,,2026-06-26T07:21:41,,,,70,160,192,WallStateCritic V1 predicts post-placement local structure risk from current wall depth and stone geometry.,,,,,,,,,,,
stone_fit_net,D:\MoonStack\experiments\moon_rock_stack\batch_runs\20260626_low_release_wall_master_v1_c03_flywheel_3to4_stone_slot_net\stone_fit_net_metrics.json,D:\MoonStack\experiments\moon_rock_stack\batch_runs\20260626_low_release_wall_master_v1_c03_flywheel_3to4_stone_slot_net,D:\MoonStack\experiments\moon_rock_stack\batch_runs\20260626_low_release_wall_master_v1_c03_flywheel_3to4_learning_dataset,2026-06-26T13:44:56,6498,5346,1152,80,128,128,StoneSlotNet V1: score whether a stone geometry fits a target wall slot before pose search.,No candidate_rank or primary-assignment fields are used as input.,0.7664930555555556,0.07627118644067797,0.2608695652173913,0.1180327868852459,0.08333333333333333,0.2777777777777778,,,,
20260626_low_release_wall_master_v1_c03_flywheel_3to4_pose_ranker_structure,D:\MoonStack\experiments\moon_rock_stack\batch_runs\20260626_low_release_wall_master_v1_c03_flywheel_3to4_pose_ranker_structure\metrics.json,D:\MoonStack\experiments\moon_rock_stack\batch_runs\20260626_low_release_wall_master_v1_c03_flywheel_3to4_pose_ranker_structure,,2026-06-26T13:45:57,2574,,,70,128,192,,,,,,,,,,,,
20260626_low_release_wall_master_v1_c03_flywheel_3to4_wall_state_critic,D:\MoonStack\experiments\moon_rock_stack\batch_runs\20260626_low_release_wall_master_v1_c03_flywheel_3to4_wall_state_critic\metrics.json,D:\MoonStack\experiments\moon_rock_stack\batch_runs\20260626_low_release_wall_master_v1_c03_flywheel_3to4_wall_state_critic,,2026-06-26T13:46:21,,,,70,160,192,WallStateCritic V1 predicts post-placement local structure risk from current wall depth and stone geometry.,,,,,,,,,,,
stone_fit_net,D:\MoonStack\experiments\moon_rock_stack\batch_runs\20260626_low_release_wall_master_v1_c04_flywheel_3to4_stone_slot_net\stone_fit_net_metrics.json,D:\MoonStack\experiments\moon_rock_stack\batch_runs\20260626_low_release_wall_master_v1_c04_flywheel_3to4_stone_slot_net,D:\MoonStack\experiments\moon_rock_stack\batch_runs\20260626_low_release_wall_master_v1_c04_flywheel_3to4_learning_dataset,2026-06-26T20:01:56,6498,5874,624,80,128,128,StoneSlotNet V1: score whether a stone geometry fits a target wall slot before pose search.,No candidate_rank or primary-assignment fields are used as input.,0.7644230769230769,0.13286713286713286,0.4523809523809524,0.20540540540540542,0.38235294117647056,0.5588235294117647,,,,
20260626_low_release_wall_master_v1_c04_flywheel_3to4_pose_ranker_structure,D:\MoonStack\experiments\moon_rock_stack\batch_runs\20260626_low_release_wall_master_v1_c04_flywheel_3to4_pose_ranker_structure\metrics.json,D:\MoonStack\experiments\moon_rock_stack\batch_runs\20260626_low_release_wall_master_v1_c04_flywheel_3to4_pose_ranker_structure,,2026-06-26T20:02:58,2539,,,70,128,192,,,,,,,,,,,,
20260626_low_release_wall_master_v1_c04_flywheel_3to4_wall_state_critic,D:\MoonStack\experiments\moon_rock_stack\batch_runs\20260626_low_release_wall_master_v1_c04_flywheel_3to4_wall_state_critic\metrics.json,D:\MoonStack\experiments\moon_rock_stack\batch_runs\20260626_low_release_wall_master_v1_c04_flywheel_3to4_wall_state_critic,,2026-06-26T20:03:15,,,,70,160,192,WallStateCritic V1 predicts post-placement local structure risk from current wall depth and stone geometry.,,,,,,,,,,,
stone_fit_net,D:\MoonStack\experiments\moon_rock_stack\batch_runs\20260626_policy_replacement_stone_slot_net_v1\stone_fit_net_metrics.json,D:\MoonStack\experiments\moon_rock_stack\batch_runs\20260626_policy_replacement_stone_slot_net_v1,D:\MoonStack\experiments\moon_rock_stack\batch_runs\20260626_policy_replacement_dataset_v1,2026-06-26T20:33:01,28075,23233,4842,180,256,160,StoneSlotNet V1: score whether a stone geometry fits a target wall slot before pose search.,No candidate_rank or primary-assignment fields are used as input.,0.6784386617100372,0.08152866242038216,0.5267489711934157,0.14120242691671264,0.15348837209302327,0.386046511627907,,,,
pose_risk_net,D:\MoonStack\experiments\moon_rock_stack\batch_runs\20260626_policy_replacement_pose_risk_net_v1\pose_risk_net_metrics.json,D:\MoonStack\experiments\moon_rock_stack\batch_runs\20260626_policy_replacement_pose_risk_net_v1,D:\MoonStack\experiments\moon_rock_stack\batch_runs\20260626_policy_replacement_dataset_v1,2026-06-26T20:34:20,141988,112327,29661,160,512,192,PoseRiskNet V1: pre-simulation candidate pose risk penalty for wall stacking.,"Inputs use geometry, target, gravity, and candidate pose only; post-simulation fields are labels only.",0.7189575536900307,0.8988774917747242,0.7483886561392201,0.8167589905917524,,,0.6441586280814576,0.9265809217577706,,
stone_fit_net,D:\MoonStack\experiments\moon_rock_stack\batch_runs\20260626_clean_wall34_stone_slot_net_v1\stone_fit_net_metrics.json,D:\MoonStack\experiments\moon_rock_stack\batch_runs\20260626_clean_wall34_stone_slot_net_v1,D:\MoonStack\experiments\moon_rock_stack\batch_runs\20260626_clean_policy_wall34_dataset_v1,2026-06-26T20:56:20,27322,21916,5406,220,256,160,StoneSlotNet V1: score whether a stone geometry fits a target wall slot before pose search.,No candidate_rank or primary-assignment fields are used as input.,0.7358490566037735,0.07574654042243263,0.39543726235741444,0.1271393643031785,0.10309278350515463,0.28350515463917525,,,,
pose_risk_net,D:\MoonStack\experiments\moon_rock_stack\batch_runs\20260626_clean_wall34_pose_risk_net_v1\pose_risk_net_metrics.json,D:\MoonStack\experiments\moon_rock_stack\batch_runs\20260626_clean_wall34_pose_risk_net_v1,D:\MoonStack\experiments\moon_rock_stack\batch_runs\20260626_clean_policy_wall34_dataset_v1,2026-06-26T20:58:25,121679,96302,25377,180,512,192,PoseRiskNet V1: pre-simulation candidate pose risk penalty for wall stacking.,"Inputs use geometry, target, gravity, and candidate pose only; post-simulation fields are labels only.",0.7083579619340348,0.8713617767387493,0.7414093192103038,0.8011499502942045,,,0.625075711689885,0.889763779527559,,
